<?xml version="1.0" encoding="UTF-8" standalone="no"?>
<!-- Created with Inkscape (http://www.inkscape.org/) -->

<svg
   width="208.51811mm"
   height="158.8485mm"
   viewBox="0 0 208.51811 158.8485"
   version="1.1"
   id="svg5"
   xml:space="preserve"
   inkscape:export-filename="STFT.png"
   inkscape:export-xdpi="300"
   inkscape:export-ydpi="300"
   inkscape:version="1.2.1 (8a69933317, 2022-10-28, custom)"
   sodipodi:docname="STFT"
   xmlns:inkscape="http://www.inkscape.org/namespaces/inkscape"
   xmlns:sodipodi="http://sodipodi.sourceforge.net/DTD/sodipodi-0.dtd"
   xmlns="http://www.w3.org/2000/svg"
   xmlns:svg="http://www.w3.org/2000/svg"><sodipodi:namedview
     id="namedview7"
     pagecolor="#ffffff"
     bordercolor="#000000"
     borderopacity="0.25"
     inkscape:showpageshadow="2"
     inkscape:pageopacity="0.0"
     inkscape:pagecheckerboard="0"
     inkscape:deskcolor="#d1d1d1"
     inkscape:document-units="mm"
     showgrid="false"
     inkscape:zoom="0.914906"
     inkscape:cx="-22.406673"
     inkscape:cy="559.07383"
     inkscape:window-width="5048"
     inkscape:window-height="1376"
     inkscape:window-x="72"
     inkscape:window-y="27"
     inkscape:window-maximized="1"
     inkscape:current-layer="layer1" /><defs
     id="defs2" /><g
     inkscape:label="Layer 1"
     inkscape:groupmode="layer"
     id="layer1"
     transform="translate(-0.34556898,-0.68009137)"><path
       style="fill:#000000;stroke-width:0.264583"
       d="m 193.01853,159.39514 c 0.44145,-0.17813 0.46238,-3.52894 0.0221,-3.52894 -0.71608,0 0.11839,-0.35139 1.05747,-0.44529 1.16219,-0.11622 1.6986,0.31684 1.6986,1.37133 0,0.87432 -0.51461,1.45521 -1.28916,1.45521 -0.68215,0 -0.91573,0.89857 -0.29834,1.14769 0.1819,0.0734 -0.086,0.13345 -0.59531,0.13345 -0.50932,0 -0.77721,-0.0601 -0.59531,-0.13345 z m 2.04735,-1.93144 c 0.2483,-0.78232 -0.32635,-1.71819 -0.80903,-1.3176 -0.38985,0.32354 -0.5145,1.34792 -0.20204,1.66038 0.34199,0.34199 0.8482,0.17036 1.01107,-0.34278 z m -12.10152,0.60852 c 0.47138,-0.1902 0.45886,-3.52893 -0.0132,-3.52893 -0.18917,0 -0.48683,0.14287 -0.66146,0.3175 -0.24694,0.24694 -0.3175,0.18814 -0.3175,-0.26459 0,-0.53902 0.12514,-0.58208 1.69149,-0.58208 1.61396,0 2.45928,0.47056 1.85039,1.03006 -0.0961,0.0883 -0.22789,0.0117 -0.29286,-0.17017 -0.065,-0.1819 -0.34632,-0.33072 -0.62523,-0.33072 -0.61731,0 -0.78149,3.28477 -0.17639,3.52893 0.1819,0.0734 -0.14552,0.13346 -0.7276,0.13346 -0.58209,0 -0.90951,-0.0601 -0.72761,-0.13346 z m 3.02948,-0.14227 c -0.44953,-0.44953 -0.39376,-1.68511 0.0983,-2.17714 0.58466,-0.58465 1.6251,-0.52262 1.96758,0.11732 0.3184,0.59493 0.15559,0.71179 -1.1767,0.84459 -0.74153,0.0739 -0.75607,0.0991 -0.31236,0.54002 0.34993,0.34777 0.58777,0.39699 0.95877,0.19844 0.7241,-0.38753 0.84499,-0.32685 0.52819,0.26511 -0.31933,0.59667 -1.55229,0.72313 -2.06375,0.21166 z m 1.19834,-1.95902 c -0.0879,-0.0879 -0.31612,-0.0973 -0.50712,-0.0209 -0.21106,0.0845 -0.14837,0.14715 0.15986,0.15985 0.27891,0.0115 0.43518,-0.051 0.34726,-0.13897 z m 1.2962,0.88766 c 0.035,-1.43508 1.11684,-2.05861 2.12295,-1.22362 0.20199,0.16764 0.36915,0.16052 0.48103,-0.0205 0.31736,-0.51351 1.18306,-0.30368 1.31147,0.31788 0.38265,1.85216 0.3373,2.3151 -0.22678,2.3151 -0.49327,0 -0.54115,-0.12886 -0.45418,-1.22239 0.075,-0.94339 0.0151,-1.19449 -0.26267,-1.10015 -0.2262,0.0768 -0.3599,0.53109 -0.3599,1.22274 0,0.9241 -0.0848,1.10049 -0.52917,1.10049 -0.43512,0 -0.52916,-0.17639 -0.52916,-0.99253 0,-0.54589 -0.11907,-0.99253 -0.26459,-0.99253 -0.14552,0 -0.26458,0.44664 -0.26458,0.99253 0,0.81619 -0.094,0.9925 -0.52917,0.99238 -0.46627,-1.3e-4 -0.52513,-0.16528 -0.49525,-1.3894 z m 7.50671,0.83466 c 0,-0.57167 0.0132,-0.57418 0.53542,-0.1016 0.39759,0.35982 0.61228,0.40769 0.834,0.18597 0.22172,-0.22172 0.12169,-0.37918 -0.38857,-0.61167 -1.33333,-0.60751 -1.08325,-1.82891 0.37446,-1.82891 0.59961,0 0.76136,0.1193 0.76136,0.56156 0,0.46091 -0.0689,0.50442 -0.38417,0.24273 -0.21129,-0.17535 -0.59824,-0.27324 -0.85989,-0.21752 -0.37258,0.0793 -0.28572,0.20213 0.40056,0.56629 1.25668,0.66683 1.10432,1.59252 -0.28098,1.70718 -0.87266,0.0722 -0.99219,0.0115 -0.99219,-0.50403 z m -164.516981,-3.08382 -0.05386,-2.18281 h -2.101051 c -1.155579,0 -2.174637,-0.11906 -2.264574,-0.26458 -0.104151,-0.16852 0.658712,-0.26459 2.101051,-0.26459 h 2.264574 v -23.8125 c 0,-13.09687 -0.09525,-23.8125 -0.211667,-23.8125 -0.116417,0 -0.352557,0.14089 -0.524756,0.31309 -0.784069,0.78407 -0.559956,-1.52625 0.357971,-3.69025 l 0.419285,-0.988455 0.508534,1.322905 c 0.279694,0.72761 0.508633,1.53911 0.508752,1.80334 1.16e-4,0.26422 0.128923,0.72091 0.286234,1.01485 0.369403,0.69023 0.09586,0.95423 -0.562636,0.54299 -0.511683,-0.31955 -0.517134,-0.072 -0.517134,23.49179 v 23.81474 h 86.520998 c 85.7837,0 86.51824,-0.004 86.19804,-0.51713 -0.46103,-0.73823 -0.18992,-0.85398 0.99913,-0.42658 0.57152,0.20543 1.60468,0.51728 2.2959,0.693 1.65627,0.42104 1.59217,0.57421 -0.52916,1.26462 -2.49088,0.81069 -3.56917,0.74287 -2.65907,-0.16724 0.24695,-0.24694 -18.91827,-0.3175 -86.24346,-0.3175 H 31.710236 l -0.08914,2.18281 -0.08914,2.18281 z M 42.27217,123.98391 v -23.94479 h 2.248958 2.248959 v 23.94479 23.94479 H 44.521128 42.27217 Z m 4.233333,0 V 100.3037 h -1.984375 -1.984375 v 23.68021 23.68021 h 1.984375 1.984375 z m 17.197917,0 v -23.94479 h 2.38125 2.381251 v 23.94479 23.94479 H 66.08467 63.70342 Z m 4.433192,0.0661 -0.06757,-23.61407 -1.91823,-0.0777 -1.918229,-0.0777 v 23.6918 23.6918 h 1.985796 1.985798 z m 17.262638,-0.0661 v -23.94479 h 2.38125 2.38125 v 23.94479 23.94479 H 87.7805 85.39925 Z m 4.23334,0 V 100.3037 h -1.98438 -1.98437 v 23.68021 23.68021 h 1.98437 1.98438 z m 90.75208,0 v -23.94479 h 2.38125 2.38125 v 23.94479 23.94479 h -2.38125 -2.38125 z m 4.49792,0 V 100.3037 h -1.98437 -1.98438 v 23.68021 23.68021 h 1.98438 1.98437 z m -25.73673,0.7657 c -0.0972,-0.0972 0.0876,-0.54496 0.41069,-0.99493 1.30125,-1.81207 1.28873,-2.14997 -0.138,-3.72326 -0.82804,-0.91311 -0.63493,-1.10311 0.70671,-0.69534 0.4469,0.13582 1.70551,0.51038 2.79691,0.83234 5.6704,1.67277 5.93851,1.82316 4.16719,2.33755 -0.61846,0.1796 -1.83885,0.55659 -2.71198,0.83774 -0.87312,0.28116 -2.18281,0.67231 -2.91042,0.86923 -0.7276,0.19692 -1.50773,0.43801 -1.73361,0.53575 -0.22588,0.0977 -0.49025,0.0982 -0.58749,8e-4 z m -58.66536,-2.88237 v -0.92604 h 2.38125 2.38125 v 0.92604 0.92605 h -2.38125 -2.38125 z m 8.73126,0 v -0.92604 h 2.38125 2.38125 v 0.92604 0.92605 h -2.38125 -2.38125 z m 8.46666,0 v -0.92604 h 2.38125 2.38125 v 0.92604 0.92605 h -2.38125 -2.38125 z m 8.73125,0 v -0.92604 h 2.38125 2.38125 v 0.92604 0.92605 h -2.38125 -2.38125 z m 8.73125,0 v -0.92604 h 2.38125 2.38125 v 0.92604 0.92605 h -2.38125 -2.38125 z m 8.51605,0.0661 0.0829,-0.8599 2.31511,-0.0764 2.3151,-0.0764 v 0.93634 0.93635 h -2.39801 -2.39802 z m 8.68187,-0.0661 v -0.92604 h 2.38125 2.38125 v 0.92604 0.92605 h -2.38125 -2.38125 z M 10.198566,115.66713 c 0.102102,-0.69566 0.05208,-0.75999 -0.4822652,-0.62025 -0.399952,0.10459 -0.709382,0.001 -0.940112,-0.31446 -0.3172148,-0.43381 -0.3772718,-0.43701 -0.7730838,-0.0412 -0.843018,0.84302 -2.243436,0.16002 -2.243436,-1.09414 0,-1.18459 1.654212,-1.86628 2.38679,-0.98358 0.300165,0.36168 0.3811848,0.36168 0.7808338,0 0.245255,-0.22195 0.823496,-0.40355 1.2849802,-0.40355 h 0.839063 v 1.79917 c 0,1.04657 0.13281,1.93198 0.3175,2.11667 0.246943,0.24694 0.139535,0.3175 -0.483344,0.3175 -0.73529,0 -0.791517,-0.0635 -0.686926,-0.77616 z m 0.05902,-2.10578 c 0,-0.8653 -0.179753,-1.10276 -0.6873262,-0.90798 -0.459898,0.17648 -0.492372,1.58562 -0.04028,1.74779 0.5227692,0.18752 0.7276052,-0.0489 0.7276062,-0.83981 z m -2.169584,0.44777 c 0.5322718,-0.53227 0.360953,-0.74083 -0.608542,-0.74083 -0.595312,0 -0.926041,0.12599 -0.926041,0.35277 0,0.73622 0.946957,0.97569 1.534583,0.38806 z m -0.740833,-1.12209 c 0,-0.27927 -0.507766,-0.39659 -0.658791,-0.15223 -0.0914,0.1479 0.01943,0.2689 0.246301,0.2689 0.226869,0 0.41249,-0.0525 0.41249,-0.11667 z m -6.94531305,2.05811 c 0.219297,-0.0885 0.330729,-0.74261 0.330729,-1.94144 0,-1.19882 -0.111432,-1.85295 -0.330729,-1.94144 -0.181901,-0.0734 0.472943,-0.14285 1.45520805,-0.15433 1.616512,-0.0189 1.785938,0.0293 1.785938,0.50827 0,0.61998 -0.404817,0.70569 -0.624847,0.13229 -0.297226,-0.77455 -1.227236,-0.4738 -1.227236,0.39688 0,0.8069 0.614367,1.12902 0.883104,0.46302 0.0734,-0.1819 0.133453,0.086 0.133453,0.59531 0,0.50933 -0.06005,0.77722 -0.133453,0.59532 -0.316345,-0.78399 -0.941729,-0.33699 -0.832888,0.59531 0.105977,0.90777 0.08958,0.92563 -0.830949,0.90515 -0.51648205,-0.0115 -0.79023105,-0.0809 -0.60833005,-0.15434 z m 3.40739205,-1.21364 0.03396,-1.38926 0.958233,-0.055 c 0.700266,-0.0402 0.958233,0.052 0.958233,0.34233 0,0.23163 -0.193091,0.3649 -0.463021,0.31958 -0.584191,-0.0981 -0.831918,1.59372 -0.284211,1.94097 0.234352,0.14859 0.08754,0.22354 -0.443393,0.22638 -0.78598,0.004 -0.793418,-0.009 -0.759796,-1.38501 z m 8.212227,1.21248 c -0.09701,-0.097 -0.176389,-0.6824 -0.176389,-1.30087 0,-0.65202 -0.13896,-1.18055 -0.33073,-1.25793 -0.181901,-0.0734 -0.06968,-0.14285 0.24937,-0.15434 0.497316,-0.0179 0.591712,0.13959 0.661459,1.10359 0.09946,1.37473 0.610526,1.26371 0.610526,-0.13263 0,-0.76901 0.104275,-0.99246 0.46302,-0.99219 0.372327,2.7e-4 0.463021,0.23356 0.463021,1.19097 0,0.77395 0.115742,1.19204 0.330729,1.19467 0.220486,0.003 0.198438,0.0896 -0.06614,0.26054 -0.453335,0.29296 -1.940597,0.35245 -2.204861,0.0882 z m 2.907327,-0.30746 c -0.600448,-0.66349 -0.560994,-1.8129 0.07389,-2.15268 0.798925,-0.42757 1.559618,-0.32369 1.869477,0.25528 0.261641,0.48888 0.201213,0.52917 -0.79375,0.52917 -0.994963,0 -1.055391,0.0403 -0.79375,0.52916 0.31455,0.58774 1.204714,0.71282 1.412272,0.19844 0.08868,-0.21977 0.140459,-0.19314 0.154339,0.0794 0.05132,1.00757 -1.190474,1.3701 -1.922478,0.56125 z m 1.149617,-1.74949 c 0,-0.27927 -0.507765,-0.39659 -0.658791,-0.15223 -0.0914,0.1479 0.01942,0.2689 0.2463,0.2689 0.22687,0 0.412491,-0.0525 0.412491,-0.11667 z m 1.224796,0.84447 0.03417,-1.38926 h 1.156454 1.156454 l 0.08438,1.18628 c 0.04641,0.65246 0.225002,1.27571 0.396875,1.38501 0.179446,0.11412 -0.02627,0.20046 -0.483161,0.20279 -0.784174,0.004 -0.794252,-0.0136 -0.698433,-1.21835 0.07503,-0.94338 0.01508,-1.19449 -0.262679,-1.10014 -0.226195,0.0768 -0.359897,0.53108 -0.359897,1.22274 0,0.92415 -0.08479,1.10046 -0.529166,1.10034 -0.466302,-1.3e-4 -0.525108,-0.1652 -0.494996,-1.38941 z m 3.424312,0.9731 c -0.909066,-0.90907 -0.231119,-2.49465 1.066636,-2.49465 0.357976,0 0.721368,0.18373 0.807537,0.40829 0.24171,0.62988 -0.172992,0.84107 -0.574185,0.29241 -0.447914,-0.61256 -0.922013,-0.34834 -0.922013,0.51385 0,0.76599 0.6314,1.10165 1.193994,0.63474 0.31692,-0.26302 0.393507,-0.25333 0.393507,0.0498 0,0.95005 -1.236359,1.32469 -1.965476,0.59558 z m 2.50395,-0.096 c -0.706874,-1.32081 -0.08883,-2.50321 1.229202,-2.35162 1.189241,0.13678 1.164611,1.01131 -0.02849,1.01131 -1.020183,0 -1.189968,0.26143 -0.527081,0.81158 0.329393,0.27337 0.526319,0.27978 0.926041,0.0301 0.403395,-0.25192 0.507683,-0.24593 0.507683,0.0292 0,0.98042 -1.638541,1.34542 -2.107359,0.46943 z m 1.313609,-1.72157 c 0,-0.27927 -0.507765,-0.39659 -0.658791,-0.15223 -0.0914,0.1479 0.01942,0.2689 0.2463,0.2689 0.22687,0 0.412491,-0.0525 0.412491,-0.11667 z M 43.756104,94.813605 c -0.22587,-0.69122 -0.491053,-1.77699 -0.589293,-2.41282 l -0.178618,-1.15604 0.700323,0.45887 0.70032,0.45887 v -2.41168 -2.41168 h -4.365625 -4.365625 v -4.49792 -4.49791 h 4.202385 4.202388 l -0.361222,-1.04845 c -0.198671,-0.57665 -0.440357,-1.54336 -0.537081,-2.14824 l -0.175863,-1.09977 0.700323,0.45886 0.70032,0.45887 v -2.41168 c 0,-2.40615 -0.0015,-2.41168 -0.671999,-2.41168 -1.614913,0 -3.825917,-2.04678 -3.825917,-3.54175 0,-0.56483 -0.347197,-0.54272 -2.311533,0.14716 -1.749605,0.61447 -2.23833,0.52261 -1.711105,-0.32161 0.311475,-0.49875 0.238236,-0.51713 -2.060538,-0.51713 h -2.383491 l 0.06131,-6.81302 0.06131,-6.81302 0.07561,6.54844 0.07561,6.54843 2.310482,-0.0209 c 1.270764,-0.0115 2.161653,-0.0809 1.979752,-0.15434 -1.246145,-0.50283 -0.268779,-1.08642 1.058334,-0.63194 2.585389,0.8854 2.761475,0.89 2.924947,0.0765 0.282581,-1.40627 1.303489,-2.54827 2.703571,-3.02423 0.754166,-0.25638 1.281959,-0.58698 1.235268,-0.77375 -0.04484,-0.17935 -0.253201,-0.98519 -0.46302,-1.79075 -0.574429,-2.20538 -0.42861,-2.68571 0.525647,-1.73145 0.377976,0.37797 0.421516,-0.61421 0.478938,-10.914063 l 0.06316,-11.329836 0.07203,11.050666 0.07204,11.050663 0.702056,-0.1762 c 0.614968,-0.15435 0.676137,-0.11386 0.493112,0.32641 -0.114919,0.27645 -0.297855,0.91934 -0.406527,1.42867 -0.108673,0.50932 -0.32733,1.24925 -0.48591,1.64428 -0.316685,0.78888 -0.27373,0.84319 0.882081,1.11518 4.331348,1.0193 3.757422,8.61763 -0.650917,8.61763 -0.500891,0 -0.539708,0.16175 -0.539708,2.24896 0,2.22145 0.124243,2.54805 0.736423,1.93587 0.636494,-0.63649 0.145473,2.53979 -0.572117,3.70087 -0.148693,0.24059 0.854043,0.31639 4.185703,0.31639 h 4.381241 v 4.49791 4.49792 H 49.019045 44.65342 v 2.24896 c 0,2.22144 0.124243,2.54805 0.736423,1.93587 0.481846,-0.48185 0.708728,-0.0333 0.364889,0.72129 -0.169159,0.37127 -0.307562,0.87381 -0.307562,1.11675 0,2.10432 -1.154065,3.09497 -1.691066,1.45161 z m 9.099399,-11.8401 v -4.10105 H 44.388836 35.92217 v 4.10105 4.10104 h 8.466666 8.466667 z m -14.869583,1.93145 c 0.182803,-0.1828 0.3175,-1.05833 0.3175,-2.06375 0,-1.00541 -0.134697,-1.88094 -0.3175,-2.06375 -0.246944,-0.24694 0.135231,-0.3175 1.719791,-0.3175 2.008148,0 2.918339,0.74717 1.772709,1.45521 -0.145521,0.0899 -0.264584,0.0459 -0.264584,-0.0978 0,-0.39026 -0.777599,-1.09285 -1.209524,-1.09285 -0.255582,0 -0.377976,0.29986 -0.377976,0.92604 0,1.03321 0.170392,1.14755 0.69002,0.46302 0.307788,-0.40546 0.352531,-0.30313 0.3599,0.82306 l 0.0084,1.28608 -0.520364,-0.62462 -0.520364,-0.62462 -0.0088,0.97013 c -0.0049,0.53602 0.139195,1.02986 0.321927,1.1036 0.181901,0.0734 -0.258631,0.14285 -0.978959,0.15433 -1.018646,0.0162 -1.239131,-0.0497 -0.992187,-0.29661 z m 4.220104,0.14228 c 0.225078,-0.0908 0.330729,-0.79554 0.330729,-2.20603 0,-1.41049 -0.105651,-2.1152 -0.330729,-2.20602 -0.181901,-0.0734 1.544505,-0.14285 3.836458,-0.15434 l 4.167188,-0.0209 v 0.72033 0.72033 l -0.411877,-0.58803 c -0.226534,-0.32343 -0.52419,-0.58804 -0.661458,-0.58804 -0.392385,0 -0.31423,4.16315 0.08115,4.32269 0.181902,0.0734 -0.264583,0.13345 -0.992187,0.13345 -0.727604,0 -1.174089,-0.0601 -0.992188,-0.13345 0.226015,-0.0912 0.33073,-0.80561 0.33073,-2.25638 0,-1.82713 -0.05831,-2.10055 -0.418516,-1.96233 -0.230182,0.0883 -0.468307,0.1606 -0.529166,0.1606 -0.06086,0 -0.110652,0.16586 -0.110652,0.36857 0,0.67085 -0.740195,0.67861 -1.176755,0.0123 -0.720754,-1.10001 -1.470711,-0.85402 -1.460276,0.47899 l 0.0088,1.12447 0.496628,-0.59531 c 0.698741,-0.83758 0.808676,-0.75665 0.808676,0.59533 0,0.65484 -0.119063,1.19062 -0.264584,1.19062 -0.145521,0 -0.264583,-0.16586 -0.264583,-0.36857 0,-0.20271 -0.178594,-0.4371 -0.396875,-0.52086 -0.304612,-0.11689 -0.396875,0.0559 -0.396875,0.74339 0,0.49263 0.148828,0.95575 0.330729,1.02915 0.181901,0.0734 -0.264583,0.13345 -0.992188,0.13345 -0.727604,0 -1.174088,-0.0601 -0.992187,-0.13345 z m 4.320016,-15.74311 c 2.592615,-1.45713 2.555711,-5.78611 -0.0607,-7.12091 -3.064828,-1.56356 -6.045251,0.21626 -6.045251,3.61003 0,3.29776 3.20561,5.14097 6.105954,3.51088 z m -4.47213,-1.36257 -0.575085,-0.61215 0.79558,-0.76221 0.795584,-0.76222 -0.844751,-0.87156 -0.844751,-0.87156 0.627795,-0.66826 0.627793,-0.66826 0.876382,0.84942 0.876379,0.84942 0.87638,-0.84942 0.876382,-0.84942 0.627793,0.66826 0.627795,0.66826 -0.844751,0.87156 -0.844751,0.87156 0.801214,0.76761 0.801214,0.76761 -0.661459,0.66146 -0.661458,0.66146 -0.799179,-0.76566 -0.79918,-0.76566 -0.742082,0.71095 c -0.89862,0.86094 -0.878064,0.85966 -1.592844,0.0988 z m 23.120903,26.1179 c -0.800327,-2.2544 -0.754361,-3.14247 0.121624,-2.34971 0.518189,0.46895 0.52365,0.44863 0.52365,-1.94836 v -2.42226 H 61.586754 57.35342 v -4.49792 -4.49791 h 4.189982 4.189979 l -0.679085,-1.96749 c -0.650209,-1.88383 -0.638265,-2.7174 0.02937,-2.04977 0.61218,0.61218 0.736423,0.28558 0.736423,-1.93587 0,-2.08721 -0.03882,-2.24896 -0.539708,-2.24896 -1.550939,0 -3.693625,-2.06594 -3.693625,-3.56133 0,-0.53588 -0.400548,-0.5142 -2.248959,0.12175 -1.959988,0.67434 -2.076119,0.66614 -1.875726,-0.13229 l 0.166015,-0.66146 h -2.38629 -2.386291 v -6.74687 c 0,-4.32153 0.09511,-6.74688 0.264584,-6.74688 0.16919,0 0.264583,2.33715 0.264583,6.48229 v 6.48229 h 2.079977 2.079977 l -0.128162,-0.67043 -0.128161,-0.67043 1.28933,0.49959 c 2.099591,0.81356 3.009123,0.91818 3.009123,0.34614 0,-1.37475 1.2769,-2.83045 2.904281,-3.31095 1.27119,-0.37534 1.255236,-0.29151 0.496152,-2.60693 -0.617329,-1.88303 -0.533337,-2.37323 0.315767,-1.84296 0.509315,0.31808 0.517133,0.18694 0.517133,-8.67512 0,-5.822325 0.09338,-8.998071 0.264583,-8.998071 0.171128,0 0.264584,3.132582 0.264584,8.868581 v 8.86858 l 0.661458,-0.16601 c 0.790774,-0.19847 0.780024,-0.28946 0.159107,1.34656 -0.922374,2.43031 -0.864907,2.7987 0.502352,3.22019 4.088627,1.26041 3.377176,8.55376 -0.834401,8.55376 -0.43665,0 -0.488516,0.23877 -0.488516,2.24896 0,1.32292 0.108945,2.24896 0.264583,2.24896 0.145521,0 0.264583,-0.11906 0.264583,-0.26458 0,-0.14552 0.178594,-0.26459 0.396875,-0.26459 0.492417,0 0.491866,0.0542 -0.01283,1.26213 -0.225335,0.53929 -0.509685,1.42555 -0.631894,1.96946 l -0.222194,0.98892 4.269912,0.0726 4.269925,0.0726 0.07254,4.43177 0.07254,4.43177 h -4.372022 -4.372023 v 2.24896 c 0,2.22144 0.124243,2.54805 0.736423,1.93587 0.592158,-0.59216 0.629896,0.008 0.0974,1.54796 -0.29342,0.84879 -0.603332,1.87067 -0.688697,2.27086 -0.248288,1.16394 -0.557548,0.86318 -1.31957,-1.28332 z m 9.376524,-11.08595 v -4.10105 H 66.08467 57.618004 v 4.10105 4.10104 h 8.466666 8.466667 z m -15.147396,2.07373 c 0.225078,-0.0908 0.330729,-0.79554 0.330729,-2.20603 0,-1.41049 -0.105651,-2.1152 -0.330729,-2.20602 -0.181901,-0.0734 0.592005,-0.14285 1.719792,-0.15434 l 2.050521,-0.0209 v 0.80937 c 0,0.4722 -0.11022,0.74125 -0.264584,0.64584 -0.14552,-0.0899 -0.264583,-0.33282 -0.264583,-0.53974 0,-0.371 -1.21788,-0.84412 -1.485085,-0.57691 -0.07564,0.0756 -0.09986,0.59449 -0.05382,1.15301 l 0.0837,1.01548 0.595312,-0.64196 0.595313,-0.64195 -0.01389,1.30666 c -0.01344,1.26505 -0.0271,1.2877 -0.429146,0.71135 -0.587777,-0.84263 -0.87988,-0.73928 -0.87988,0.31133 0,0.64098 0.13567,0.94209 0.463021,1.02764 0.254661,0.0666 -0.191823,0.12541 -0.992188,0.1308 -0.800364,0.005 -1.30638,-0.0503 -1.124479,-0.12364 z m 4.511146,-0.14228 c 0.418182,-0.41818 0.418182,-3.70931 0,-4.1275 -0.246944,-0.24694 0.605602,-0.3175 3.836459,-0.3175 h 4.153958 v 0.72033 0.72033 l -0.411877,-0.58803 c -0.819163,-1.16952 -1.175623,-0.75013 -1.175623,1.38318 0,1.59824 0.08761,2.02226 0.463021,2.24092 0.354753,0.20662 0.122756,0.26968 -0.992188,0.26968 -1.114943,0 -1.346941,-0.0631 -0.992187,-0.26968 0.629986,-0.36694 0.695939,-4.21214 0.07224,-4.21214 -0.214926,0 -0.586809,0.29918 -0.826405,0.66485 l -0.435631,0.66486 -0.61617,-0.66486 c -0.896852,-0.96772 -1.435184,-0.86975 -1.435184,0.26119 0,1.03321 0.170391,1.14755 0.69002,0.46302 0.307787,-0.40546 0.352531,-0.30313 0.359899,0.82306 l 0.0084,1.28608 -0.520364,-0.62462 -0.520364,-0.62462 -0.0088,0.97013 c -0.0049,0.53602 0.139194,1.02986 0.321926,1.1036 0.181901,0.0734 -0.25863,0.14285 -0.978958,0.15433 -1.018646,0.0162 -1.239131,-0.0497 -0.992188,-0.29661 z m 4.093864,-15.5575 c 0.369998,-0.29104 0.773009,-0.53053 0.895577,-0.5322 0.408088,-0.006 1.253064,-2.13847 1.22596,-3.0946 -0.154032,-5.43399 -8.014568,-5.49416 -8.014568,-0.0613 0,3.3796 3.500314,5.57026 5.893031,3.68815 z m -4.40286,-1.35329 c -0.452927,-0.64664 -0.316172,-1.19422 0.393041,-1.57378 0.674751,-0.36112 0.626057,-0.82917 -0.16342,-1.57084 -0.794896,-0.74677 -0.802391,-0.82699 -0.151805,-1.62434 l 0.509654,-0.62462 0.919787,0.88682 0.919787,0.88682 0.869442,-0.83088 0.869442,-0.83089 0.667488,0.66749 0.667486,0.66749 -0.851736,0.87877 -0.851739,0.87877 0.801214,0.76761 0.801214,0.76761 -0.661459,0.66146 -0.661458,0.66146 -0.747511,-0.71616 c -0.918332,-0.87982 -1.039744,-0.88374 -1.691868,-0.0547 -0.635984,0.80852 -1.121468,0.83874 -1.637559,0.10191 z m 23.483429,27.08402 c -0.10219,-0.5457 -0.34571,-1.37531 -0.54116,-1.84358 -0.61103,-1.46397 -0.49576,-2.03093 0.3061,-1.50552 l 0.66146,0.4334 v -2.41168 -2.41168 H 83.1439 78.771876 l 0.07254,-4.43177 0.07254,-4.43177 4.130794,-0.13229 4.1308,-0.13229 -0.37702,-1.32292 c -0.60905,-2.13708 -0.69534,-2.77813 -0.37398,-2.77813 0.16204,0 0.29461,0.11907 0.29461,0.26459 0,0.14552 0.17859,0.26458 0.39688,0.26458 0.32165,0 0.39687,-0.42627 0.39687,-2.24896 0,-2.22574 -0.007,-2.24896 -0.66505,-2.24896 -1.43492,0 -3.24876,-1.5476 -3.47546,-2.96533 -0.19047,-1.19112 -0.50723,-1.24951 -2.50563,-0.46181 -1.418995,0.55932 -2.456908,0.51811 -1.864765,-0.074 0.611822,-0.61182 0.271197,-0.73216 -2.072424,-0.73216 h -2.38125 v -6.76249 c 0,-4.44095 0.09083,-6.70635 0.264584,-6.59897 0.164467,0.10165 0.264583,2.56039 0.264583,6.49791 v 6.33438 h 2.149062 c 1.851549,0 2.104798,-0.0533 1.829306,-0.38528 -0.594106,-0.71586 -0.04234,-0.8991 1.247074,-0.41416 2.5988,0.97739 2.88334,0.95995 3.06689,-0.18792 0.19724,-1.23345 1.49379,-2.57332 2.82016,-2.91439 1.05944,-0.27242 1.09336,-0.56197 0.34015,-2.90328 -0.49174,-1.52856 -0.39334,-1.85032 0.43094,-1.40918 l 0.55183,0.29533 v -6.75618 c 0,-4.327736 0.0951,-6.756185 0.26458,-6.756185 0.16936,0 0.26459,2.387193 0.26459,6.632415 0,6.512 0.01,6.62936 0.52916,6.46446 0.35849,-0.11378 0.52917,-0.0476 0.52917,0.20533 0,0.20531 -0.23812,1.06541 -0.52917,1.91134 -0.70024,2.0353 -0.68042,2.16169 0.37004,2.35875 4.33156,0.81261 3.88613,8.62145 -0.49179,8.62145 -0.33561,0 -0.40741,0.40569 -0.40741,2.30188 0,1.79035 0.0706,2.23132 0.3175,1.98437 0.87396,-0.87395 0.96757,0.0113 0.21153,2.00045 -0.29097,0.76554 -0.52903,1.50968 -0.52903,1.65364 0,0.1617 1.6181,0.26175 4.23333,0.26175 h 4.23333 v 4.49791 4.49792 h -4.23333 -4.23333 v 2.30188 c 0,1.79034 0.0706,2.23131 0.3175,1.98437 0.87535,-0.87535 0.96532,0.002 0.21166,2.06375 -0.29104,0.79626 -0.52916,1.65778 -0.52916,1.91449 0,0.90638 -0.76636,0.48499 -0.95557,-0.52543 z m 9.15765,-12.10468 v -4.10105 H 87.7805 79.313838 v 4.10105 4.10104 h 8.466662 8.46667 z m -15.14739,2.07373 c 0.22507,-0.0908 0.33072,-0.79554 0.33072,-2.20603 0,-1.41049 -0.10565,-2.1152 -0.33072,-2.20602 -0.18191,-0.0734 0.592,-0.14285 1.71979,-0.15434 l 2.05052,-0.0209 -0.008,0.8599 -0.008,0.8599 -0.54285,-0.72761 c -0.8612,-1.15429 -1.55899,-0.97542 -1.54825,0.39688 l 0.009,1.12448 0.49663,-0.59532 c 0.70257,-0.84217 0.80869,-0.75751 0.80869,0.64521 v 1.24051 l -0.59531,-0.64203 -0.59532,-0.64202 -0.0858,0.89512 c -0.0515,0.53764 0.0541,0.98383 0.26458,1.11725 0.21437,0.13591 -0.16313,0.21559 -0.97256,0.20529 -0.7276,-0.009 -1.17409,-0.0769 -0.99218,-0.15028 z m 4.36562,-0.11055 c 0.37019,-0.21562 0.46302,-0.63576 0.46302,-2.09548 0,-1.45972 -0.0928,-1.87986 -0.46302,-2.09547 -0.34373,-0.2002 0.0653,-0.27176 1.5875,-0.27773 l 2.05052,-0.008 -0.0179,0.8599 c -0.017,0.81591 -0.0327,0.82915 -0.30758,0.25883 -0.65399,-1.357 -1.86383,-1.09815 -1.74259,0.37284 l 0.0837,1.01548 0.59531,-0.64196 0.59532,-0.64195 -0.0139,1.30666 c -0.0135,1.26505 -0.0271,1.2877 -0.42915,0.71135 -0.58777,-0.84263 -0.87988,-0.73928 -0.87988,0.31133 0,0.64098 0.13567,0.94209 0.46303,1.02764 0.25466,0.0666 -0.19183,0.13119 -0.99219,0.14365 -1.10751,0.0172 -1.34458,-0.0418 -0.99219,-0.24704 z m 4.89479,0.11055 c 0.39538,-0.15954 0.47353,-4.32269 0.0812,-4.32269 -0.13727,0 -0.43493,0.26461 -0.66146,0.58804 l -0.41188,0.58803 v -0.72033 -0.72033 h 2.11667 c 2.08139,0 2.11667,0.011 2.11667,0.66146 0,0.79035 -0.41032,0.87995 -0.60583,0.13229 -0.0761,-0.29104 -0.32812,-0.52916 -0.56003,-0.52916 -0.5467,0 -0.63302,4.10394 -0.0909,4.32269 0.1819,0.0734 -0.26459,0.13345 -0.99219,0.13345 -0.7276,0 -1.17409,-0.0601 -0.99219,-0.13345 z m -0.63717,-15.74534 c 2.73791,-1.79475 2.72091,-5.47672 -0.0328,-7.11038 -2.80292,-1.66284 -6.14594,0.33009 -6.14128,3.66109 0.004,3.12942 3.59875,5.13748 6.17411,3.44929 z m -4.55838,-1.37774 -0.59143,-0.62955 0.62391,-0.49493 c 1.03732,-0.82288 1.05578,-1.07359 0.14192,-1.92766 l -0.86325,-0.80677 0.72089,-0.72089 0.72088,-0.72088 0.74751,0.71616 c 0.93771,0.89838 1.24985,0.897 2.02913,-0.009 0.61589,-0.71602 0.63069,-0.71883 1.17793,-0.22358 0.73498,0.66515 0.69905,1.05756 -0.17069,1.86404 l -0.7249,0.67217 0.7249,0.67216 c 0.84932,0.78754 0.90453,1.19992 0.24104,1.80037 -0.66512,0.60193 -1.01784,0.55022 -1.52485,-0.22357 -0.23837,-0.36381 -0.59556,-0.66146 -0.79375,-0.66146 -0.19819,0 -0.55537,0.29765 -0.79375,0.66146 -0.54095,0.82559 -0.91315,0.83272 -1.66549,0.0319 z m 96.81063,26.43574 c -0.31306,-0.94076 -0.53113,-2.0206 -0.48459,-2.39963 l 0.0846,-0.68915 0.6055,0.56735 0.6055,0.56735 -0.0763,-2.4672 -0.0763,-2.4672 -4.29948,-0.0727 -4.29948,-0.0727 v -4.49136 -4.49136 h 4.20792 4.20791 l -0.50374,-1.32576 c -0.77009,-2.0267 -0.70507,-3.05169 0.15771,-2.48637 l 0.66145,0.4334 v -2.41168 c 0,-2.40615 -0.002,-2.41168 -0.672,-2.41168 -1.67449,0 -3.82591,-2.00264 -3.82591,-3.56133 0,-0.54202 -0.50858,-0.51365 -2.17998,0.12162 -1.86346,0.70826 -2.15074,0.68874 -1.94471,-0.13216 l 0.16602,-0.66146 h -2.254 -2.254 l 0.0613,-6.81302 0.0613,-6.81302 0.0756,6.54844 0.0756,6.54843 h 2.07535 c 2.06268,0 2.0746,-0.004 1.95079,-0.65161 l -0.12456,-0.65161 1.41802,0.48588 c 2.52113,0.86385 2.87324,0.89914 2.87324,0.28796 0,-1.3459 2.13136,-3.43937 3.50161,-3.43937 0.67934,0 0.71381,-0.30605 0.18976,-1.68482 -0.83337,-2.1926 -0.6847,-3.28689 0.32269,-2.37521 0.46746,0.42304 0.48587,0.20112 0.54326,-6.54844 l 0.0594,-6.986316 0.13904,6.879166 c 0.0765,3.78354 0.23535,6.73034 0.35308,6.54844 0.34362,-0.53093 1.06932,-0.41633 0.83773,0.13229 -0.42723,1.01205 -1.10912,3.78505 -0.95312,3.87597 0.0913,0.0532 0.55821,0.18086 1.03768,0.28373 4.27562,0.91732 3.58783,8.60644 -0.76984,8.60644 -0.44955,0 -0.49879,0.22205 -0.49879,2.24896 0,2.22145 0.12424,2.54805 0.73642,1.93587 0.5441,-0.5441 0.60605,-0.0778 0.1679,1.26386 -0.23318,0.714 -0.5217,1.62561 -0.64116,2.02579 l -0.2172,0.72761 h 4.34264 4.34265 v 4.49791 4.49792 h -4.36563 -4.36562 v 2.38735 2.38735 l 0.66146,-0.43341 c 0.76406,-0.50063 0.79628,-0.38174 0.29099,1.07382 -0.20375,0.58695 -0.50619,1.5732 -0.67208,2.19166 -0.41075,1.53136 -0.66865,1.41821 -1.33561,-0.586 z m 9.25732,-11.38639 v -4.10105 h -8.46667 -8.46666 v 4.10105 4.10104 h 8.46666 8.46667 z m -15.0151,1.96318 c 0.37018,-0.21562 0.46302,-0.63576 0.46302,-2.09548 0,-1.45972 -0.0928,-1.87986 -0.46302,-2.09547 -0.34373,-0.2002 0.0653,-0.27176 1.5875,-0.27773 l 2.05052,-0.008 -0.0179,0.8599 c -0.017,0.81591 -0.0327,0.82915 -0.30758,0.25883 -0.65399,-1.357 -1.86383,-1.09815 -1.74258,0.37284 l 0.0837,1.01548 0.59531,-0.64196 0.59531,-0.64195 -0.0139,1.30666 c -0.0134,1.26505 -0.0271,1.2877 -0.42915,0.71135 -0.58777,-0.84263 -0.87987,-0.73928 -0.87987,0.31133 0,0.64098 0.13567,0.94209 0.46302,1.02764 0.25466,0.0666 -0.19182,0.13119 -0.99219,0.14365 -1.1075,0.0172 -1.34457,-0.0418 -0.99218,-0.24704 z m 4.36562,0.11055 c 0.44105,-0.17797 0.45236,-3.83064 0.0132,-4.26978 -0.24694,-0.24694 0.6056,-0.3175 3.83646,-0.3175 h 4.15396 v 0.72033 0.72033 l -0.41188,-0.58803 c -0.22653,-0.32343 -0.52419,-0.58804 -0.66146,-0.58804 -0.39238,0 -0.31423,4.16315 0.0812,4.32269 0.1819,0.0734 -0.32411,0.13923 -1.12448,0.14629 -1.11077,0.01 -1.34561,-0.051 -0.99219,-0.25684 0.37541,-0.21866 0.46302,-0.64268 0.46302,-2.24092 0,-2.16657 -0.35215,-2.5523 -1.1786,-1.29099 l -0.4457,0.68024 -0.63043,-0.68024 c -0.91029,-0.98222 -1.44943,-0.89079 -1.44943,0.24581 0,1.0004 0.34065,1.20456 0.77255,0.46302 0.21021,-0.36091 0.27146,-0.17939 0.27773,0.82306 l 0.008,1.28608 -0.52037,-0.62462 -0.52036,-0.62462 -0.009,0.97013 c -0.005,0.53602 0.13919,1.02986 0.32193,1.1036 0.1819,0.0734 -0.26459,0.13345 -0.99219,0.13345 -0.72761,0 -1.17409,-0.0601 -0.99219,-0.13345 z m 4.43457,-15.81972 c 2.49602,-1.46277 2.42316,-5.58621 -0.12368,-6.99898 -2.96977,-1.64738 -6.07071,0.0711 -6.08802,3.37393 -0.019,3.62663 3.10153,5.44773 6.2117,3.62505 z m -4.71869,-1.30126 c -0.38944,-0.59436 -0.37,-0.66686 0.36848,-1.37437 l 0.77961,-0.74691 -0.78838,-0.8134 -0.78837,-0.81339 0.63356,-0.7888 0.63356,-0.7888 0.89508,0.86193 0.89508,0.86193 0.76761,-0.80121 0.76761,-0.80122 0.66146,0.66146 0.66146,0.66146 -0.76567,0.79918 -0.76566,0.79918 0.76968,0.80337 c 1.31932,1.37707 -0.0777,2.77412 -1.4548,1.45481 l -0.80338,-0.76968 -0.74208,0.71095 c -0.91128,0.87307 -1.1984,0.88697 -1.72485,0.0835 z m -29.81223,0.40257 c 0,-0.12369 0.35718,-0.71797 0.79375,-1.32063 0.43656,-0.60265 0.79375,-1.15733 0.79375,-1.23261 0,-0.0753 -0.35719,-0.62996 -0.79375,-1.23262 -0.82006,-1.13204 -1.04197,-1.9558 -0.46302,-1.71879 0.1819,0.0745 1.16416,0.39919 2.18281,0.72161 1.01864,0.32242 2.50693,0.79646 3.30729,1.05342 0.80036,0.25697 1.90169,0.55074 2.4474,0.65281 1.05992,0.19826 1.39856,0.92044 0.4316,0.92044 -0.5323,0 -1.46069,0.26807 -6.054,1.74806 -2.1224,0.68385 -2.64583,0.76462 -2.64583,0.40831 z m -50.00626,-2.55324 v -0.92604 h 2.38125 2.38125 v 0.92604 0.92604 h -2.38125 -2.38125 z m 8.73126,0 v -0.92604 h 2.38125 2.38125 v 0.92604 0.92604 h -2.38125 -2.38125 z m 8.46666,0 v -0.92604 h 2.38125 2.38125 v 0.92604 0.92604 h -2.38125 -2.38125 z m 8.73125,0 v -0.92604 h 2.38125 2.38125 v 0.92604 0.92604 h -2.38125 -2.38125 z m 8.73125,0 v -0.92604 h 2.38125 2.38125 v 0.92604 0.92604 h -2.38125 -2.38125 z m 8.46667,0 v -0.92604 h 2.38125 2.38125 v 0.92604 0.92604 h -2.38125 -2.38125 z M 30.746012,51.407555 c -1.426932,-0.98717 -1.798971,-2.88096 -0.843113,-4.291715 0.804838,-1.187868 1.447112,-1.376807 0.740534,-0.217847 -0.719008,1.179352 -0.711388,2.848302 0.01722,3.774592 0.553861,0.70412 0.598678,1.0901 0.08535,0.73497 z m 3.985533,-0.28698 c 0.739798,-0.85852 0.755631,-3.69232 0.02513,-4.499503 -0.708128,-0.782473 -0.118396,-0.698846 0.620845,0.08804 1.208362,1.286243 0.94003,3.693873 -0.513691,4.609103 l -0.661459,0.41644 0.529167,-0.61408 z m 17.272923,0.0368 c -1.457912,-1.67138 -1.020558,-5.093228 0.650979,-5.093228 0.155138,0 0.06766,0.236918 -0.194392,0.526486 -0.753441,0.832542 -0.845027,2.959252 -0.17625,4.092752 0.579464,0.98211 0.411139,1.26671 -0.280337,0.47399 z m 4.026035,0.20775 c 0,-0.15064 0.114475,-0.2739 0.254387,-0.2739 0.826095,0 0.896173,-3.19171 0.09773,-4.451128 -0.37107,-0.585311 -0.363641,-0.600736 0.155525,-0.322887 1.229648,0.658088 1.631844,2.368605 0.913079,3.883285 -0.429498,0.9051 -1.42072,1.71765 -1.420721,1.16463 z m 17.363131,-0.5476 c -1.300951,-1.5461 -0.581509,-4.753378 1.066255,-4.753378 0.07142,0 -0.116911,0.313714 -0.418515,0.69714 -0.686012,0.872118 -0.75565,3.122518 -0.124507,4.023598 0.654576,0.93454 0.256561,0.95936 -0.523233,0.0326 z m 4.332703,0.71077 c 0,-0.1051 0.201491,-0.49861 0.447757,-0.87446 0.596419,-0.91025 0.596419,-3.08068 0,-3.739714 -0.590761,-0.652785 -0.568952,-0.933455 0.04692,-0.603848 0.77816,0.416459 1.408083,1.992802 1.212646,3.034572 -0.142068,0.75728 -1.707325,2.75905 -1.707325,2.18345 z m 90.865363,-0.61488 c -1.15289,-1.24399 -1.17979,-3.05256 -0.0631,-4.241237 0.82785,-0.881203 1.08423,-0.745569 0.47608,0.251865 -0.68142,1.117602 -0.67137,2.679322 0.0245,3.805232 0.66176,1.07074 0.46209,1.15478 -0.43747,0.18414 z m 4.68192,-0.2832 c 0.27306,-0.53558 0.49647,-1.34016 0.49647,-1.78794 0,-0.44779 -0.22341,-1.25237 -0.49647,-1.787951 -0.48354,-0.948434 -0.48361,-0.966915 -0.003,-0.70956 1.57713,0.844055 1.59377,4.142051 0.0251,4.981561 -0.51284,0.27447 -0.5131,0.26638 -0.0224,-0.69611 z M 26.344253,49.979955 c 0.436163,-0.43616 0.424656,-3.385349 -0.01323,-3.390712 -0.220485,-0.0027 -0.198437,-0.08955 0.06615,-0.260533 0.621663,-0.401748 0.79375,-0.315706 0.79375,0.396875 0,0.557626 0.123809,0.661459 0.78871,0.661459 0.829998,0 0.912585,0.149141 1.135499,2.050521 0.08682,0.74052 0.01987,0.85989 -0.482325,0.85989 -0.534612,0 -0.571965,-0.0991 -0.448931,-1.19062 0.109778,-0.97394 0.05663,-1.19062 -0.292045,-1.19062 -0.555278,0 -0.869378,1.25697 -0.472789,1.89201 0.273381,0.43775 0.216201,0.48923 -0.543378,0.48923 -0.660262,0 -0.778351,-0.0705 -0.531407,-0.3175 z m 5.245259,-1.07136 0.03297,-1.38926 1.076802,-0.0806 c 1.060995,-0.07946 1.079177,-0.06586 1.238387,0.92604 0.08887,0.55368 0.203407,1.21504 0.254521,1.4697 0.06562,0.32694 -0.07531,0.46302 -0.479512,0.46302 -0.516096,0 -0.563126,-0.1172 -0.477753,-1.19062 0.07808,-0.98168 0.01569,-1.19063 -0.355465,-1.19063 -0.37116,0 -0.433541,0.20895 -0.355465,1.19063 0.08328,1.04706 0.03066,1.19065 -0.436377,1.19082 -0.46849,1.7e-4 -0.52719,-0.16352 -0.498107,-1.38906 z m 16.412054,-0.66154 c 0.04131,-2.073459 0.885187,-3.469422 0.885187,-1.464293 0,0.652433 0.100867,0.755993 0.727604,0.747003 0.659848,-0.01 0.7356,0.0878 0.813465,1.04455 0.04722,0.58024 0.210632,1.20531 0.363127,1.38906 0.212378,0.2559 0.09896,0.33408 -0.484643,0.33408 -0.743574,0 -0.759568,-0.0294 -0.664686,-1.22239 0.07503,-0.94339 0.01508,-1.19449 -0.262678,-1.10015 -0.226195,0.0768 -0.359897,0.53109 -0.359897,1.22274 0,0.92417 -0.08478,1.10045 -0.529167,1.10026 -0.487145,-2.1e-4 -0.525923,-0.16306 -0.488312,-2.05086 z m 5.065604,1.7329 c 0.386813,-0.38681 0.419926,-1.70463 0.0486,-1.93412 -0.536733,-0.33172 0.04103,-0.62532 1.13442,-0.57648 1.104225,0.0493 1.119976,0.0638 1.204714,1.10496 0.04723,0.58024 0.210632,1.20531 0.363127,1.38906 0.218324,0.26306 -0.07834,0.33408 -1.39555,0.33408 -1.301075,0 -1.602255,-0.0705 -1.355311,-0.3175 z m 1.772708,-1.02746 c 0,-0.62716 -0.121536,-0.90399 -0.396875,-0.90399 -0.423605,0 -0.671584,0.96703 -0.41766,1.62874 0.268367,0.69935 0.814535,0.21339 0.814535,-0.72475 z M 69.6974,48.247055 c 0.03985,-2.000445 0.885187,-3.488723 0.885187,-1.558445 0,0.526899 0.149612,0.6805 0.727604,0.747005 0.981033,0.11288 1.431015,2.86184 0.468458,2.86184 -0.477837,0 -0.527478,-0.13753 -0.441195,-1.22239 0.07503,-0.94339 0.01508,-1.19449 -0.262678,-1.10015 -0.226195,0.0768 -0.359897,0.53109 -0.359897,1.22274 0,0.92417 -0.08478,1.10045 -0.529167,1.10026 -0.487145,-2.1e-4 -0.525923,-0.16306 -0.488312,-2.05086 z m 5.0204,0.66154 0.03417,-1.38926 h 1.156454 1.156454 l 0.139637,1.38906 c 0.127304,1.26638 0.09208,1.38906 -0.398783,1.38906 -0.477838,0 -0.527479,-0.13753 -0.441195,-1.22239 0.07503,-0.94339 0.01508,-1.19449 -0.262679,-1.10015 -0.226195,0.0768 -0.359897,0.53109 -0.359897,1.22274 0,0.92415 -0.08479,1.10047 -0.529166,1.10034 -0.466302,-1.3e-4 -0.525108,-0.16519 -0.494996,-1.3894 z m 90.00354,1.07136 c 0.3856,-0.3856 0.42498,-3.024423 0.0486,-3.257037 -0.35115,-0.217027 -0.0717,-0.658791 0.41681,-0.658791 0.24204,0 0.38126,0.273106 0.38126,0.747927 0,0.680531 0.0715,0.737431 0.79375,0.631431 0.77964,-0.11443 0.79375,-0.09575 0.79375,1.05124 0,0.64225 0.14287,1.31061 0.3175,1.48523 0.24694,0.24695 0.12215,0.3175 -0.56157,0.3175 -0.73498,0 -0.82725,-0.0624 -0.56296,-0.38087 0.43195,-0.52047 0.25066,-1.86808 -0.25131,-1.86808 -0.2941,0 -0.39096,0.29118 -0.37404,1.12448 0.021,1.03335 -0.0315,1.12447 -0.64822,1.12447 -0.52195,0 -0.60051,-0.0705 -0.35357,-0.3175 z m 5.21229,-1.10743 v -1.42493 l 0.98687,-0.0136 c 1.13333,-0.0156 1.29869,0.17063 1.53524,1.72933 0.15804,1.04132 0.12496,1.13416 -0.40408,1.13416 -0.50508,0 -0.57338,-0.1388 -0.55336,-1.12448 0.0169,-0.8333 -0.0799,-1.12448 -0.37404,-1.12448 -0.50197,0 -0.68326,1.34761 -0.25131,1.86808 0.25997,0.31325 0.20464,0.38088 -0.31161,0.38088 -0.58285,0 -0.62771,-0.10182 -0.62771,-1.42493 z M 70.318004,40.241391 v -1.060235 l 17.396356,0.06805 17.39635,0.06805 0.0821,0.992188 0.0821,0.992187 H 87.79648 70.318004 Z m 95.035596,0.06805 0.0821,-0.992188 17.39635,-0.06805 17.39635,-0.06805 v 1.060235 1.060236 H 182.74995 165.27148 Z M 48.62217,35.877669 v -0.926042 h 17.4625 17.4625 v 0.926042 0.926041 H 66.08467 48.62217 Z M 26.926336,31.644336 V 30.718294 H 44.521128 62.11592 v 0.926042 0.926041 H 44.521128 26.926336 Z M 170.9037,28.667773 c -0.37806,-2.483829 -0.38176,-2.711979 -0.044,-2.711979 0.14552,0 0.26459,0.357188 0.26459,0.79375 0,1.792192 0.47578,0.621324 0.67195,-1.653646 0.22528,-2.612419 0.23143,-2.60695 0.81891,0.727604 l 0.18645,1.058334 0.2151,-1.560873 c 0.28346,-2.056995 0.41037,-2.108057 0.61472,-0.24734 0.0932,0.848995 0.28166,1.817121 0.4187,2.15139 0.31611,0.771055 0.32492,2.434948 0.0129,2.434948 -0.33629,0 -0.55746,-0.690886 -0.55746,-1.741432 0,-0.49742 -0.11907,-0.904402 -0.26459,-0.904402 -0.14552,0 -0.26458,0.595313 -0.26458,1.322917 0,1.961531 -0.44194,1.602706 -0.7332,-0.595313 l -0.25419,-1.918229 -0.0355,2.028881 c -0.0609,3.484213 -0.58196,3.888917 -1.04978,0.81539 z m -4.65867,0.396875 c -0.082,-0.618463 -0.18759,-1.66026 -0.23457,-2.315104 -0.0547,-0.763101 -0.10202,-0.501835 -0.13164,0.727604 -0.0476,1.975922 -0.83998,3.036657 -0.83998,1.124479 0,-0.436562 -0.11906,-0.79375 -0.26458,-0.79375 -0.14552,0 -0.26459,0.119063 -0.26459,0.264584 0,0.14552 -0.23585,0.264583 -0.52412,0.264583 -0.51466,0 -0.66263,-0.313653 -0.87369,-1.852083 -0.0602,-0.439034 -0.15673,-0.216609 -0.28696,0.661458 -0.46183,3.113929 -0.85347,2.396598 -0.93895,-1.719792 -0.0296,-1.427673 -0.53754,-1.489064 -0.54723,-0.06615 -0.008,1.215741 -0.47365,0.542737 -0.64036,-0.926042 -0.44297,-3.902906 -0.4754,-4.564063 -0.22386,-4.564063 0.29954,0 0.56664,1.379527 0.64034,3.307292 0.0418,1.09238 0.0769,0.977114 0.20135,-0.661458 0.20508,-2.699043 0.6379,-2.405772 0.87014,0.589571 0.27522,3.549856 0.38673,4.029821 0.43162,1.857825 0.0666,-3.22212 0.69793,-2.155114 0.90018,1.521354 0.0709,1.288518 0.43929,1.544775 0.85585,0.595312 0.32643,-0.744048 0.66486,-0.769771 0.66486,-0.05053 0,1.234776 0.48112,0.127098 0.66599,-1.533292 0.22211,-1.994945 0.29884,-1.9534 0.6151,0.33306 0.22872,1.653566 0.29558,1.580967 0.73652,-0.799759 l 0.19603,-1.058333 0.30547,1.852083 c 0.30244,1.833759 0.38811,1.833759 0.73555,0 0.10245,-0.540766 0.10954,-0.521689 0.63893,1.719792 0.13425,0.568394 0.18669,0.498107 0.37272,-0.49956 0.29007,-1.555633 0.44479,-1.634876 0.65275,-0.334322 0.0958,0.598866 0.27831,1.024453 0.40565,0.94575 0.12735,-0.0787 0.23154,0.3501 0.23154,0.9529 0,1.625005 -0.62685,1.198176 -0.81677,-0.556144 l -0.15531,-1.434666 -0.0472,1.322917 c -0.0848,2.377202 -0.71963,2.663386 -1.08452,0.488884 l -0.21523,-1.282634 -0.0311,1.256771 c -0.0556,2.247077 -0.81531,1.669071 -0.86935,-0.661459 -0.0245,-1.055026 -0.084,-1.441979 -0.13237,-0.859895 -0.18077,2.176528 -0.39169,3.307291 -0.6169,3.307291 -0.12769,0 -0.29928,-0.506015 -0.38131,-1.124479 z m 10.43143,-0.264583 c -0.005,-1.703041 -0.50499,-2.744915 -0.53966,-1.124479 -0.0125,0.582083 -0.11253,1.287753 -0.22237,1.568156 -0.4391,1.120875 -0.51819,-0.374176 -0.14833,-2.80389 0.20666,-1.357638 0.37788,-2.617261 0.38049,-2.799162 0.003,-0.181901 0.12381,-0.330729 0.26933,-0.330729 0.15169,0 0.26631,0.818499 0.26864,1.918229 0.003,1.336177 0.0819,1.797804 0.26053,1.521354 0.14107,-0.218281 0.26013,-0.873125 0.26458,-1.455208 0.0114,-1.49275 0.50934,-2.203035 0.55642,-0.79375 0.0859,2.572623 0.39933,2.646103 0.60718,0.142367 0.16285,-1.96178 0.26801,-2.395908 0.48601,-2.006367 0.19642,0.350985 0.18181,1.397902 -0.0497,3.561799 -0.42349,3.957984 -0.56056,4.255728 -0.9236,2.006367 l -0.29893,-1.852083 -0.2047,1.918229 c -0.23704,2.221426 -0.69992,2.568427 -0.70586,0.529167 z M 38.316093,29.419057 c -0.148791,-0.278018 -0.34971,-1.53562 -0.446489,-2.794671 -0.178555,-2.322931 -0.612606,-2.651832 -0.620467,-0.470154 -0.0056,1.548114 -0.525701,1.426225 -0.56452,-0.132292 -0.04566,-1.833057 -0.421701,-3.263572 -0.469472,-1.785938 -0.09287,2.872698 -0.654203,3.946398 -0.968264,1.852084 -0.15354,-1.023874 -0.265893,-1.190625 -0.802211,-1.190625 -0.581001,0 -1.429755,-1.324891 -2.033979,-3.175 -0.08974,-0.274789 -0.222054,-0.164203 -0.43012,0.359486 -0.377211,0.949431 -0.845084,0.641464 -1.350068,-0.888653 -0.350272,-1.06133 -1.058334,-1.968083 -1.058334,-1.355313 0,0.519606 -1.162063,0.301361 -1.984375,-0.37268 -0.588004,-0.48198 -0.676402,-0.650969 -0.341037,-0.651943 0.248994,-7.14e-4 0.686358,0.249474 0.971926,0.555992 0.537945,0.577419 1.088903,0.488344 1.088903,-0.176046 0,-0.209693 0.178594,-0.38126 0.396875,-0.38126 0.218281,0 0.396875,0.119414 0.396875,0.265364 0,0.738739 1.538565,2.737604 1.629196,2.116611 0.102777,-0.704191 0.752054,-1.063392 0.752054,-0.416057 0,0.232381 0.119079,0.629256 0.264621,0.881943 0.145542,0.252688 0.498498,1.024978 0.784349,1.716202 0.414472,1.002254 0.647396,1.25677 1.150154,1.25677 0.396619,0 0.731528,0.220787 0.903026,0.595313 0.215934,0.471567 0.313912,-0.02342 0.471347,-2.38125 0.241374,-3.614931 0.548892,-3.81124 0.828937,-0.529167 l 0.208828,2.447396 0.242276,-2.248958 c 0.313262,-2.907893 0.603861,-2.198328 0.825717,2.016183 0.091,1.728756 0.226817,3.539762 0.30181,4.024461 l 0.136348,0.881268 0.622446,-0.671629 c 0.541004,-0.583752 0.66571,-1.124701 0.953129,-4.134461 0.369115,-3.865279 0.631944,-3.990554 0.913331,-0.435334 0.153223,1.935921 0.248873,2.309391 0.502598,1.962401 0.283027,-0.387062 0.34689,-0.374862 0.659704,0.126031 0.592447,0.948659 0.846854,-0.03887 1.009523,-3.918621 0.08197,-1.954956 0.237522,-3.554466 0.345678,-3.554466 0.310705,0 0.516266,0.743342 0.536443,1.93987 0.02117,1.254799 0.458234,2.645928 0.491971,1.565859 0.05331,-1.706512 0.812348,0.07554 0.812348,1.907204 0,1.05799 0.08088,1.136965 1.022855,0.998712 0.72925,-0.107032 0.768737,-0.185832 0.938372,-1.872625 0.398925,-3.966802 0.840134,-4.706363 0.922816,-1.546842 0.01566,0.598956 0.13371,0.941465 0.290957,0.84428 0.165269,-0.102142 0.264583,0.438224 0.264583,1.439593 0,3.015843 -0.626022,1.710089 -0.880464,-1.836468 -0.05871,-0.818358 -0.101002,-0.611544 -0.135258,0.661459 -0.07347,2.730529 -0.165293,2.935795 -1.316403,2.942862 -1.063503,0.0065 -1.361789,-0.245734 -1.367991,-1.156925 -0.0022,-0.327422 -0.123113,-0.595312 -0.268634,-0.595312 -0.145521,0 -0.266406,0.327422 -0.268634,0.727604 -0.0094,1.685144 -0.478385,1.427273 -0.647896,-0.356232 -0.265173,-2.790021 -0.295637,-2.800758 -0.518295,-0.182658 -0.21186,2.491123 -0.693827,3.558124 -1.221719,2.70469 -0.18017,-0.291278 -0.304882,-0.179404 -0.534775,0.479718 -0.454872,1.304155 -0.773716,0.77774 -0.810549,-1.338217 -0.03719,-2.136603 -0.43453,-0.799629 -0.476438,1.603115 -0.014,0.80222 -0.130683,1.12448 -0.407178,1.12448 -0.213161,0 -0.515006,0.238125 -0.670766,0.529166 -0.355862,0.664933 -0.698323,0.672688 -1.04566,0.02368 z m 89.862217,-0.288263 c -0.0798,-0.218281 -0.23567,-1.5875 -0.34643,-3.042708 -0.11076,-1.455209 -0.2314,-2.407709 -0.2681,-2.116667 -0.0367,0.291042 -0.14768,1.243542 -0.24662,2.116667 -0.19629,1.732039 -0.58907,1.430903 -0.62431,-0.478637 -0.0264,-1.429112 -0.54776,-0.958657 -0.54776,0.494252 0,1.870171 -0.47769,1.361136 -0.69745,-0.743219 -0.16208,-1.551983 -0.23493,-1.766679 -0.38159,-1.12448 -0.12695,0.555866 -0.19065,0.218864 -0.21257,-1.124479 -0.0252,-1.542616 0.0464,-1.918229 0.36557,-1.918229 0.28759,0 0.39687,0.295717 0.39687,1.073949 0,0.648589 0.1048,1.009182 0.26459,0.910426 0.14552,-0.08994 0.26458,-0.513683 0.26458,-0.941657 0,-2.405369 0.73149,-0.29504 0.87667,2.529157 0.0538,1.045665 0.0987,0.714404 0.13163,-0.970547 0.0275,-1.406927 0.1223,-2.74638 0.21063,-2.976563 0.29898,-0.779136 0.63299,-0.424262 0.66446,0.705964 0.052,1.868602 0.42765,3.022463 0.46656,1.433161 0.06,-2.450603 0.67949,-1.296686 0.83995,1.564529 0.0964,1.718542 0.1659,2.122305 0.20135,1.169498 0.12557,-3.374168 0.82646,-4.828556 0.86068,-1.785938 0.0182,1.617869 0.44825,3.487066 0.49197,2.138307 0.0446,-1.377132 0.81235,-2.001853 0.81235,-0.661051 0,1.070645 0.25668,1.188231 0.9532,0.436671 0.33497,-0.361436 0.73633,-0.657156 0.89192,-0.657156 0.15559,0 0.42005,-0.301035 0.58769,-0.668967 0.22071,-0.484405 0.36363,-0.575649 0.51804,-0.330729 0.14848,0.235516 0.31287,0.07709 0.54128,-0.521658 0.32908,-0.862605 0.73353,-1.147969 0.75001,-0.529167 0.005,0.181901 0.23088,0.06456 0.50233,-0.260752 0.44232,-0.530111 0.51151,-0.544608 0.66688,-0.139708 0.14872,0.387546 0.20838,0.396407 0.41966,0.06231 0.19974,-0.315823 0.2463,-0.289407 0.2463,0.139708 0,0.917781 -0.41183,1.334807 -0.74989,0.759349 -0.22375,-0.380884 -0.34231,-0.416579 -0.51509,-0.155075 -0.12344,0.18683 -0.40858,0.269025 -0.63365,0.182657 -0.28531,-0.109482 -0.46145,0.05103 -0.58168,0.530077 -0.0948,0.37791 -0.3179,0.656805 -0.49567,0.619763 -0.38854,-0.08096 -1.85437,1.26574 -2.28372,2.098125 -0.38055,0.73778 -0.81761,0.773138 -0.81761,0.06615 0,-0.291041 -0.11906,-0.529166 -0.26458,-0.529166 -0.14553,0 -0.26459,0.228388 -0.26459,0.507526 0,0.748527 -0.28609,1.362496 -0.55689,1.195131 -0.13027,-0.08051 -0.23686,-0.615611 -0.23686,-1.189106 0,-1.329966 -0.52288,-1.378199 -0.54776,-0.05053 -0.0378,2.014881 -0.43457,2.140026 -0.62919,0.198437 -0.26265,-2.620256 -0.31487,-2.646508 -0.52632,-0.264583 -0.21646,2.438416 -0.296,2.798468 -0.49684,2.248958 z m 52.17506,-1.124479 c -0.0172,-0.763985 -0.12219,-1.74625 -0.23328,-2.182813 l -0.20197,-0.79375 -0.0313,0.826823 c -0.0983,2.595978 -0.82505,3.382571 -0.82505,0.892969 0,-0.881944 0.11759,-1.5875 0.26458,-1.5875 0.14552,0 0.27645,-0.506016 0.29096,-1.124479 0.0578,-2.463594 0.41501,-2.500577 0.63894,-0.06615 0.22849,2.483914 0.57724,2.374278 0.63123,-0.198437 0.0301,-1.43318 0.55554,-1.746004 0.55554,-0.33073 0,0.509323 0.11906,0.926042 0.26458,0.926042 0.14552,0 0.26589,-0.446484 0.2675,-0.992187 0.004,-1.495105 0.29976,-2.984252 0.56002,-2.823404 0.12695,0.07846 0.23081,0.393597 0.23081,0.700302 0,0.842227 0.32506,0.343345 0.51109,-0.784394 0.15642,-0.948251 0.21366,-0.996704 1.2156,-1.028989 0.57829,-0.01864 1.1705,-0.06654 1.31602,-0.106446 0.14552,-0.03991 0.38365,-0.0957 0.52917,-0.123984 0.14552,-0.02828 0.44318,-0.125468 0.66146,-0.215974 0.21828,-0.09051 0.57547,-0.149538 0.79375,-0.131183 1.66823,0.140274 2.20851,-0.03912 1.72544,-0.572918 -0.26029,-0.28761 -0.5839,-0.45454 -0.71914,-0.370956 -0.13524,0.08358 -0.47841,-0.05845 -0.7626,-0.315638 -0.49436,-0.447393 -0.53194,-0.446766 -0.86923,0.0145 -0.39227,0.536461 -0.94313,0.34749 -0.9968,-0.341951 -0.0192,-0.246073 -0.10846,-0.04015 -0.19844,0.457604 -0.21872,1.209889 -0.76287,1.354921 -0.88369,0.235531 l -0.0945,-0.875956 -0.25801,0.876035 c -0.45263,1.536847 -0.77565,0.92265 -0.91174,-1.733591 -0.10527,-2.054521 -0.17713,-2.406352 -0.35176,-1.722132 -0.29708,1.164028 -0.70612,1.087659 -0.70857,-0.132292 -0.006,-3.1056 -0.88405,-5.7202661 -1.18523,-3.530421 -0.10195,0.741185 -0.27266,1.347609 -0.37937,1.347609 -0.24069,0 -0.91598,-5.0139571 -0.70386,-5.2260791 0.27899,-0.278989 0.38177,0.05547 0.63185,2.056166 0.21411,1.7129291 0.252,1.8101601 0.28155,0.722517 0.0587,-2.160356 0.92086,-1.473633 1.21652,0.9689531 0.2302,1.901882 0.62627,3.089037 0.65293,1.957079 0.0378,-1.604905 0.51232,-0.868367 0.67077,1.041146 0.17412,2.098422 0.61334,3.784769 0.65101,2.499499 0.0264,-0.899075 0.45685,-0.474324 0.68327,0.674151 l 0.19619,0.99511 0.25322,-0.72908 0.25322,-0.729079 0.49783,0.596787 c 0.2738,0.328234 0.50178,0.44796 0.50662,0.266059 0.0124,-0.464888 1.33172,-0.423897 1.33172,0.04138 0,0.247881 0.1857,0.323543 0.55625,0.226642 0.31682,-0.08285 0.64888,0.0044 0.77143,0.202702 0.36611,0.592377 2.93071,0.396043 3.42736,-0.262382 l 0.41243,-0.546774 0.48199,0.562923 c 0.35395,0.413389 0.56021,0.484696 0.77647,0.268437 0.16197,-0.161968 0.60941,-0.294486 0.99432,-0.294486 0.68923,0 1.57559,-0.701366 1.57559,-1.246746 0,-0.537926 0.96797,-0.546208 1.30212,-0.01114 0.32335,0.517755 0.33054,0.517398 0.71788,-0.0356 0.50529,-0.721409 1.52816,-0.726995 1.84805,-0.01009 l 0.24475,0.548504 0.72172,-0.567708 c 0.39695,-0.31224 0.72173,-0.773596 0.72173,-1.025235 0,-0.341498 0.23484,-0.464182 0.92604,-0.483775 0.50932,-0.01444 0.92604,0.103785 0.92604,0.262716 0,0.158931 0.16346,0.06542 0.36325,-0.207811 0.34311,-0.469232 0.41257,-0.472894 1.25261,-0.06605 0.7422,0.359457 0.81132,0.460668 0.41778,0.611684 -0.30682,0.117738 -0.59406,0.01343 -0.8222,-0.298565 -0.33287,-0.45523 -0.35994,-0.45021 -0.53428,0.09911 -0.19018,0.599199 -0.44528,0.722385 -0.78731,0.380191 -0.4808,-0.481032 -1.46312,-0.210101 -1.75008,0.482687 -0.56411,1.361885 -2.31622,1.471077 -2.36469,0.147368 -0.005,-0.126412 -0.41861,0.08303 -0.91996,0.46543 -0.84463,0.644229 -0.93139,0.661102 -1.18184,0.22984 -0.24787,-0.426809 -0.32043,-0.40707 -0.87439,0.237893 -0.7591,0.883789 -2.91792,1.364153 -4.00082,0.89023 -0.40274,-0.176258 -0.47093,-0.108454 -0.39687,0.394601 0.0801,0.543957 0.2436,0.611899 1.56485,0.650205 1.16687,0.03383 1.67809,0.197356 2.4445,0.781922 0.82912,0.632398 0.99268,0.677613 1.13257,0.313079 0.22954,-0.598172 0.88832,-0.529875 1.63251,0.169245 0.59548,0.559421 0.6541,0.567396 0.97226,0.132291 0.4582,-0.626617 0.55995,-0.590881 0.94169,0.330729 0.27605,0.666422 0.47616,0.79375 1.2475,0.79375 0.6923,0 0.95239,0.128773 1.05535,0.522518 0.13356,0.510739 0.147,0.509736 0.59586,-0.04459 0.44139,-0.545103 0.49928,-0.550876 1.49223,-0.148866 0.82548,0.334209 0.93932,0.455425 0.56663,0.603351 -0.25727,0.102116 -0.64506,0.03684 -0.86486,-0.145582 -0.32322,-0.26825 -0.4889,-0.248859 -0.87736,0.102693 -0.60529,0.54778 -1.09868,0.55617 -1.09868,0.01868 0,-0.294299 -0.15364,-0.36594 -0.52917,-0.246754 -0.30355,0.09635 -0.52916,0.04755 -0.52916,-0.114461 0,-0.155324 -0.29766,-0.282408 -0.66146,-0.282408 -0.48507,0 -0.66146,-0.14111 -0.66146,-0.529167 0,-0.638172 -0.23078,-0.676539 -0.64684,-0.107537 -0.27422,0.375018 -0.37981,0.346276 -0.95521,-0.260014 -0.65815,-0.693492 -1.30837,-0.905298 -1.30837,-0.426199 0,0.145521 -0.29765,0.264583 -0.66145,0.264583 -0.36381,0 -0.66146,-0.105949 -0.66146,-0.235444 0,-0.478449 -2.41216,-1.387313 -3.21436,-1.21112 -0.4356,0.09567 -0.92918,0.04338 -1.12508,-0.119203 -0.24691,-0.204915 -1.06935,-0.215133 -2.81119,-0.03492 -1.3542,0.140103 -2.55417,0.197882 -2.6666,0.128397 -0.11243,-0.06949 -0.31606,0.07316 -0.45251,0.31698 -0.1473,0.263218 -0.41919,0.37766 -0.66924,0.281703 -0.23164,-0.08889 -0.48649,-0.0559 -0.56634,0.0733 -0.0799,0.129203 -0.61945,0.191504 -1.1991,0.138446 l -1.05392,-0.09647 -0.004,1.239062 c -0.006,2.145162 -0.74816,3.56194 -0.82203,1.569791 -0.0175,-0.472942 -0.18831,0.449792 -0.3795,2.050521 -0.19118,1.600729 -0.35543,2.940182 -0.36499,2.976562 -0.17876,0.680403 -0.55597,-0.343992 -0.58455,-1.587499 -0.0365,-1.587717 -0.0481,-1.556073 -0.29211,0.79375 -0.27711,2.669042 -0.70964,3.271742 -0.75952,1.058333 z m 10.08547,-9.591146 c 0,-0.07276 -0.0595,-0.132291 -0.13229,-0.132291 -0.0728,0 -0.13229,0.05953 -0.13229,0.132291 0,0.07276 0.0595,0.132292 0.13229,0.132292 0.0728,0 0.13229,-0.05953 0.13229,-0.132292 z m -15.5187,9.450276 c -0.0835,-0.319431 -0.2574,-0.515564 -0.38638,-0.435853 -0.12898,0.07971 -0.2345,-0.278813 -0.2345,-0.796724 0,-0.517911 0.10359,-0.941657 0.2302,-0.941657 0.29981,0 0.95604,2.341533 0.72186,2.575721 -0.0986,0.09861 -0.24765,-0.08206 -0.33118,-0.401487 z m -30.5002,-0.405521 c -0.15575,-0.409655 -0.28855,-0.945436 -0.29512,-1.190625 -0.007,-0.254 -0.15619,-0.107527 -0.34724,0.34045 l -0.3353,0.786246 -0.44651,-1.365128 c -0.51762,-1.582523 -0.54897,-1.927156 -0.17532,-1.927156 0.14916,0 0.34618,0.374885 0.43782,0.833077 0.15393,0.769663 0.1935,0.796309 0.51982,0.350044 0.46273,-0.63283 0.61557,-0.439616 0.87495,1.10612 0.11837,0.705448 0.22923,1.02177 0.24635,0.702937 0.0443,-0.824341 0.52455,-1.018215 0.78412,-0.316516 0.14931,0.403622 0.2717,-0.372509 0.38325,-2.430399 0.0901,-1.662864 0.29857,-3.440107 0.46317,-3.94943 0.16459,-0.509323 0.34972,-1.088279 0.41139,-1.286569 0.0809,-0.260018 0.20597,-0.282636 0.44877,-0.08113 0.19876,0.164959 0.71223,0.202497 1.25363,0.09165 0.50435,-0.10326 1.42286,-0.185813 2.04115,-0.18345 1.19166,0.0046 1.25509,-0.04161 0.87733,-0.638544 -0.27255,-0.430673 -0.85629,-0.608973 -2.00149,-0.611337 -0.43656,-9e-4 -0.87397,-0.128144 -0.97202,-0.28276 -0.12179,-0.192066 -0.30939,-0.1723 -0.59218,0.06239 -0.34779,0.288639 -0.44206,0.264788 -0.59013,-0.149305 -0.0969,-0.27105 -0.24025,-0.611881 -0.3185,-0.757402 -0.0783,-0.145521 0.0682,-0.09365 0.32554,0.115278 0.40654,0.330094 0.49986,0.330094 0.71225,0 0.21118,-0.328198 0.27895,-0.326116 0.4983,0.01531 0.15782,0.245646 0.55827,0.363242 1.05833,0.310789 0.44245,-0.04641 0.80446,0.02714 0.80446,0.163451 0,0.136309 0.29765,0.190933 0.66145,0.121388 0.55107,-0.105343 0.66495,-0.02195 0.68235,0.499711 0.0197,0.590023 0.0366,0.583154 0.2925,-0.119043 0.16186,-0.444084 0.4116,-0.691478 0.61807,-0.61225 0.24397,0.09362 0.3996,-0.253398 0.52608,-1.173029 0.22196,-1.613799 0.90638,-1.838446 0.95602,-0.313792 0.0265,0.8153 0.0855,0.693132 0.33073,-0.685255 0.29605,-1.664137 0.6953,-1.96698 0.6953,-0.527418 0,0.412309 0.11906,0.749653 0.26458,0.749653 0.14552,0 0.26458,-0.342305 0.26458,-0.760677 0,-1.181767 0.30327,-2.414323 0.59404,-2.414323 0.37318,0 -0.24531,5.560301 -0.66519,5.980183 -0.0919,0.09185 -0.25428,-0.47197 -0.36095,-1.252942 -0.20861,-1.527407 -0.54349,-1.092816 -0.59986,0.778478 -0.0355,1.178986 -0.43974,0.859266 -0.68137,-0.538918 -0.2001,-1.157912 -0.236,-1.147593 -0.52356,0.150484 -0.1079,0.487082 -0.29313,0.703071 -0.52624,0.613621 -0.3952,-0.151651 -0.80223,0.901635 -0.44008,1.138794 0.11906,0.07797 0.30398,0.617101 0.41094,1.198076 0.25614,1.39122 0.35006,1.508468 0.95082,1.186952 0.7068,-0.378267 1.83981,-0.03674 2.10655,0.634978 0.20298,0.511128 0.23965,0.483931 0.40996,-0.304067 0.26747,-1.237538 0.59442,-1.293161 0.78845,-0.134138 0.26476,1.581526 0.3073,1.603938 0.51617,0.271936 0.25706,-1.639292 0.54474,-1.592773 0.81811,0.132292 l 0.22012,1.389062 0.0878,-1.058333 c 0.17267,-2.081387 0.84953,-2.225446 0.85898,-0.182822 0.002,0.515461 0.11286,0.808262 0.26864,0.711988 0.32475,-0.200712 0.353,1.699816 0.0328,2.204998 -0.29227,0.461053 -0.56029,-0.186161 -0.56599,-1.366742 -0.003,-0.638532 -0.0652,-0.743696 -0.26053,-0.441381 -0.14107,0.218282 -0.25831,0.724297 -0.26054,1.12448 -0.007,1.246663 -0.47345,0.796935 -0.68613,-0.661459 l -0.20258,-1.389062 -0.30471,1.0425 c -0.32949,1.127284 -0.48613,1.053481 -0.80874,-0.381042 -0.18539,-0.824354 -0.22512,-0.858956 -0.36184,-0.315113 -0.21543,0.856932 -0.63976,0.767344 -0.91947,-0.194123 -0.26853,-0.923057 -0.87235,-1.052681 -1.86719,-0.400838 -0.62967,0.412575 -0.63027,0.411898 -0.93549,-1.058333 -0.29114,-1.40244 -0.34471,-1.472545 -1.14655,-1.500463 -1.39472,-0.04856 -2.15469,0.06841 -2.33579,0.359515 -0.0944,0.151826 -0.38259,0.195134 -0.64031,0.09624 -0.27144,-0.104163 -0.56306,-0.0369 -0.69318,0.159883 -0.17347,0.262326 -0.31387,0.222721 -0.61647,-0.1739 -0.26724,-0.350275 -0.39185,-0.395925 -0.39185,-0.143557 0,0.53655 -0.78954,6.895043 -0.94691,7.625809 -0.1057,0.490845 -0.20855,0.556144 -0.49784,0.316058 -0.28266,-0.234592 -0.4247,-0.195238 -0.63195,0.175088 -0.24115,0.430893 -0.29508,0.40472 -0.55053,-0.267136 z m -19.99878,-1.702567 c -0.0806,-0.400183 -0.26144,-1.093246 -0.40191,-1.54014 -0.32346,-1.029031 -0.33275,-3.023923 -0.0141,-3.023923 0.25128,0 0.41402,0.846127 0.69973,3.638021 0.17087,1.669706 -0.0131,2.270125 -0.28374,0.926042 z m -1.34393,-0.529167 c -0.17443,-0.865574 -0.63631,-1.201669 -0.63631,-0.463021 0,0.445307 -0.0485,0.463203 -0.63982,0.236276 -0.2874,-0.110289 -0.41978,-0.503995 -0.42256,-1.256771 -0.002,-0.602893 -0.11947,-1.274765 -0.26053,-1.493047 -0.19278,-0.298301 -0.25839,-0.166872 -0.26415,0.529167 -0.004,0.509323 -0.0795,1.193932 -0.1672,1.521354 -0.29823,1.11283 -0.62699,0.600766 -0.62699,-0.976572 0,-0.864536 -0.11906,-1.64547 -0.26458,-1.735407 -0.15436,-0.0954 -0.26458,0.173641 -0.26458,0.645843 0,1.251894 -0.44534,0.955791 -0.6729,-0.447405 l -0.20381,-1.256771 -0.32461,1.058333 -0.32462,1.058333 -0.29536,-0.744828 c -0.16246,-0.409654 -0.29537,-0.823349 -0.29537,-0.919321 0,-0.519092 -2.03365,-1.902527 -3.01245,-2.04929 -1.65729,-0.248496 -9.15118,-0.0294 -9.36698,0.273856 -0.64126,0.901138 -1.10318,0.989793 -1.37888,0.264642 -0.37934,-0.997738 -3.958805,-0.933273 -4.726995,0.08513 -0.479295,0.635413 -1.197525,0.583512 -1.461975,-0.105648 -0.20603,-0.536897 -1.81463,-0.472892 -2.57277,0.102368 -0.34705,0.263332 -0.9207,0.495701 -1.27478,0.516374 -0.35407,0.02067 -0.74695,0.22194 -0.87304,0.447256 -0.12609,0.225317 -0.46147,0.409668 -0.74528,0.409668 -0.34855,0 -0.51602,0.181128 -0.51602,0.558115 0,0.497493 -0.10776,0.540424 -0.99219,0.39525 -2.93347,-0.48151 -3.71127,-0.430855 -3.88288,0.25287 -0.17678,0.704374 -0.68118,0.88873 -0.68118,0.248973 0,-0.483375 -0.86594,-0.519046 -1.60577,-0.06615 -0.4597,0.281416 -0.58212,0.256956 -0.82107,-0.164036 -0.16883,-0.297458 -0.34868,-0.384958 -0.45099,-0.219414 -0.42546,0.688409 -1.60389,0.658932 -1.87222,-0.04683 -0.17365,-0.456718 -0.39408,-0.632677 -0.66321,-0.529402 -0.42394,0.162684 -0.8004,-0.441513 -0.61732,-0.990759 0.0605,-0.181512 0.50493,0.0978 1.05215,0.661247 0.86506,0.89073 1.0069,0.948391 1.63216,0.663501 0.52775,-0.240462 0.77216,-0.239467 1.06592,0.0043 0.28844,0.239376 0.42741,0.241485 0.57131,0.0087 0.11823,-0.191299 0.58392,-0.254852 1.23126,-0.168024 0.724,0.09711 1.08203,0.03302 1.17544,-0.210397 0.0975,-0.254031 0.34679,-0.289105 0.90896,-0.127875 0.4605,0.132069 0.77463,0.122356 0.77463,-0.02394 0,-0.331182 1.24891,-0.315331 1.45521,0.01847 0.29724,0.480946 1.12289,0.275082 1.5576,-0.388369 0.2353,-0.359124 0.58393,-0.59305 0.77472,-0.519835 0.1908,0.07321 0.5662,-0.109209 0.83423,-0.405382 0.26804,-0.296176 0.71484,-0.5385 0.99289,-0.5385 1.09938,0 1.627,-0.511615 1.11317,-1.07939 -0.25291,-0.279461 -0.66345,-0.50811 -0.91231,-0.50811 -0.24886,0 -0.75521,-0.238125 -1.12521,-0.529167 -0.36999,-0.291041 -1.03414,-0.529166 -1.47588,-0.529166 -0.52297,0 -0.94276,-0.199305 -1.20331,-0.571296 -0.3193,-0.455861 -0.47647,-0.507958 -0.77786,-0.257831 -0.29865,0.247863 -0.41251,0.222757 -0.54402,-0.119961 -0.13609,-0.354628 -0.23907,-0.373052 -0.56646,-0.101341 -0.22008,0.182647 -0.4756,0.25662 -0.56784,0.164386 -0.0922,-0.09223 -0.3312,-0.032 -0.53104,0.133848 -0.28087,0.233097 -0.4479,0.18753 -0.73584,-0.200733 -0.32,-0.4315 -0.45084,-0.454412 -0.92853,-0.162588 -0.63537,0.388153 -1.06369,0.224181 -1.06369,-0.40721 0,-0.316275 -0.23952,-0.201005 -0.88763,0.427169 -0.6885,0.667322 -1.03421,0.823545 -1.54099,0.696352 -0.43139,-0.108272 -0.77004,-0.02338 -0.99684,0.249904 -0.52689,0.634858 -1.33552,0.525787 -1.34508,-0.181429 -0.007,-0.531654 -0.0369,-0.5458 -0.277732,-0.132291 -0.418098,0.71783 -1.026073,0.548974 -1.428967,-0.396875 l -0.366284,-0.859896 -0.183928,1.124479 c -0.242443,1.482232 -0.572357,1.426445 -0.782352,-0.132292 -0.09312,-0.691224 -0.269613,-1.554427 -0.3922,-1.918229 l -0.222885,-0.661458 -0.02088,0.683477 c -0.03863,1.264158 -0.618474,3.671092 -0.849921,3.52805 -0.317603,-0.196283 -0.289002,-1.894448 0.03527,-2.09486 0.145521,-0.08994 0.264584,-0.495465 0.264584,-0.901173 0,-0.405708 0.235868,-1.009611 0.524153,-1.342006 0.58417,-0.673554 0.610748,-0.639283 1.021368,1.317137 l 0.249894,1.190625 0.02833,-0.976573 c 0.05141,-1.771835 1.077031,-0.786355 1.085191,1.042719 0.0026,0.594509 0.51648,0.346996 0.686578,-0.330729 0.223766,-0.891557 0.557841,-0.83417 0.770111,0.132291 0.18544,0.844336 0.83685,1.069452 1.1012,0.38056 0.0951,-0.247745 0.43605,-0.395431 0.85159,-0.368838 1.24812,0.07987 1.61908,-0.0063 1.61908,-0.3762 0,-0.791396 0.8346,-1.131238 1.24824,-0.508271 0.40178,0.605113 1.13301,0.55245 1.13301,-0.0816 0,-0.202712 0.17859,-0.368567 0.39688,-0.368567 0.23518,0 0.39687,0.242534 0.39687,0.595312 0,0.485069 0.14699,0.595313 0.79375,0.595313 0.45861,0 0.79375,-0.139642 0.79375,-0.33073 0,-0.517967 0.79272,-0.387233 0.80216,0.132292 0.008,0.414235 0.0525,0.407266 0.42724,-0.06615 0.29493,-0.372635 0.45596,-0.429937 0.54438,-0.193713 0.25175,0.672624 0.92779,1.119755 1.69301,1.119755 0.45206,0 0.84754,0.167786 0.93545,0.396875 0.0838,0.218281 0.37768,0.396875 0.65315,0.396875 0.27547,0 0.50086,0.119062 0.50086,0.264583 0,0.145521 0.29766,0.264584 0.66146,0.264584 0.3638,0 0.66146,0.119062 0.66146,0.264583 0,0.145521 0.29765,0.264583 0.66146,0.264583 0.3638,0 0.66145,-0.127086 0.66145,-0.282413 0,-0.162007 0.22561,-0.210808 0.52917,-0.114462 0.29104,0.09237 0.52917,0.0536 0.52917,-0.08615 0,-0.558963 0.84809,-0.545338 1.404065,0.02256 0.85992,0.878367 4.503545,0.859808 4.633605,-0.0236 0.10582,-0.718698 1.00743,-0.772724 1.2293,-0.07366 0.25565,0.80547 6.18801,1.166437 9.93095,0.604268 l 1.19062,-0.178826 0.30217,-1.719792 c 0.1662,-0.945886 0.31502,-1.823667 0.33073,-1.950626 0.0157,-0.126959 0.18834,-0.09823 0.38363,0.06385 0.4464,0.370482 0.70326,0.125457 0.70326,-0.670863 0,-0.813229 0.46276,-0.788014 0.84272,0.04592 0.28811,0.632314 0.32565,0.64207 0.80423,0.208958 0.38247,-0.346124 0.55026,-0.376275 0.70456,-0.126605 0.13982,0.226235 0.30943,0.100079 0.54771,-0.407396 0.41211,-0.877692 0.46926,-0.752816 0.75334,1.646138 l 0.21932,1.852083 0.21219,-2.579687 c 0.11671,-1.418828 0.32657,-2.579688 0.46637,-2.579688 0.15106,0 0.19464,0.670894 0.10743,1.653646 -0.0807,0.909505 -0.21994,2.695443 -0.30939,3.96875 -0.2156,3.068865 -0.53243,2.931663 -0.76372,-0.330729 -0.17085,-2.409825 -0.42559,-3.191764 -0.75422,-2.315104 -0.0859,0.22913 -0.25264,0.168171 -0.5428,-0.198438 -0.23513,-0.297077 -0.42252,-0.384111 -0.42724,-0.198437 -0.0125,0.492416 -1.00175,0.399896 -1.29323,-0.120954 -0.2061,-0.368286 -0.311,-0.235455 -0.56812,0.719434 -0.30808,1.144116 -0.32309,1.156646 -0.65126,0.543472 -0.30951,-0.578333 -0.35071,-0.489345 -0.52441,1.132649 -0.15771,1.472695 -0.26898,1.760295 -0.68101,1.760295 -0.27087,0 -0.56607,0.119062 -0.65601,0.264583 -0.0899,0.145521 0.013,0.264583 0.22867,0.264583 0.53427,0 2.02334,1.285177 2.2742,1.962796 0.18148,0.490244 0.22464,0.456284 0.39288,-0.30915 0.25146,-1.144031 0.608,-1.088146 0.84403,0.132292 l 0.19189,0.992187 0.31168,-1.190625 c 0.27494,-1.050328 0.32973,-1.112682 0.46495,-0.529167 0.52628,2.271006 0.53917,2.303156 0.6363,1.5875 0.4081,-3.006742 0.47727,-2.995931 0.87143,0.136205 0.4089,3.249287 1.04192,4.225042 1.05596,1.627685 0.006,-1.060929 0.64342,-0.759272 0.75206,0.355762 0.0636,0.652552 0.15027,0.787569 0.32667,0.508788 0.17476,-0.276164 0.24013,-0.163375 0.24013,0.414269 0,1.27127 -0.46784,1.772973 -0.6785,0.727604 z M 98.986345,18.144487 c -0.13833,-0.360499 -0.37918,-0.41273 -1.256715,-0.272538 -1.58793,0.253686 -1.69348,0.562978 -0.38786,1.136544 1.269955,0.557892 2.035815,0.155534 1.644575,-0.864006 z m 5.575775,0.781475 c 0.56428,-0.564279 0.0679,-1.651618 -0.52819,-1.156938 -0.39497,0.327797 -0.50562,1.092216 -0.20204,1.395798 0.23982,0.239813 0.25727,0.234105 0.73023,-0.23886 z m 37.31222,5.905353 c -0.1757,-1.027584 -0.21539,-1.073182 -0.46056,-0.529167 -0.35334,0.783995 -0.71661,0.758381 -0.71661,-0.05053 0,-0.927362 -0.43845,-1.067271 -0.66508,-0.212225 l -0.19237,0.725776 -0.348,-0.926042 c -0.32305,-0.859615 -0.36094,-0.883337 -0.52818,-0.330729 -0.3044,1.005806 -1.17678,-0.291878 -1.17678,-1.750488 0,-0.658255 0.49896,-0.247068 0.67937,0.559863 l 0.19226,0.859896 0.29834,-0.875392 c 0.32126,-0.942658 0.68211,-0.876139 0.68211,0.12574 0,0.339548 0.11906,0.61736 0.26458,0.61736 0.14552,0 0.26459,-0.297656 0.26459,-0.661458 0,-0.992875 0.4409,-0.795853 0.74012,0.330729 0.2334,0.878774 0.26664,0.909019 0.29086,0.264584 0.0458,-1.21834 0.72945,-0.871514 0.91234,0.462838 0.0897,0.654743 0.2379,1.488181 0.32923,1.852083 0.0959,0.382053 0.052,0.661641 -0.10395,0.661641 -0.1485,0 -0.35653,-0.506016 -0.46227,-1.124479 z m -92.28203,0.418923 c -0.09701,-0.09701 -0.17639,-0.470152 -0.17639,-0.829199 0,-0.359045 -0.134467,-1.101622 -0.298818,-1.650172 -0.185081,-0.617752 -0.216979,-1.384715 -0.08381,-2.015072 0.21398,-1.01283 0.216453,-1.00883 0.515808,0.834374 l 0.300795,1.852083 0.268102,-1.719791 c 0.274201,-1.758918 0.434247,-1.731443 0.770617,0.132291 l 0.191014,1.058334 0.312356,-1.322917 0.312357,-1.322917 0.267366,1.190625 0.267364,1.190625 0.396346,-0.926041 0.396344,-0.926042 0.211272,1.058333 0.211272,1.058334 0.353598,-0.79375 c 0.341286,-0.766114 0.359571,-0.773025 0.525205,-0.198438 0.212516,0.737219 0.549196,0.766091 0.771351,0.06615 0.223096,-0.702913 0.844317,-0.674306 1.074031,0.04946 0.177538,0.559374 0.195776,0.562047 0.547989,0.08037 0.282739,-0.38667 0.435224,-0.427376 0.680847,-0.181752 0.532503,0.532503 0.953786,0.355629 1.136716,-0.477243 0.21979,-1.000699 0.569958,-1.018926 0.784778,-0.04085 0.173022,0.787765 1.723853,2.191504 1.734648,1.570122 0.0032,-0.186259 0.227436,-0.626864 0.498224,-0.979125 l 0.492342,-0.640474 0.183589,0.835877 c 0.362011,1.648224 1.195398,0.533011 1.199735,-1.605449 0.0021,-1.069885 0.483272,-0.886495 1.041154,0.396875 l 0.488815,1.124479 0.306736,-0.7781 0.306737,-0.7781 0.617535,1.023213 0.617535,1.023212 0.187666,-0.85444 c 0.206111,-0.938419 0.751795,-0.986536 0.885471,-0.07808 0.124351,0.845092 0.772054,0.69932 0.973786,-0.219163 0.206928,-0.942136 0.528666,-1.023588 0.783836,-0.198437 0.171394,0.554252 0.201501,0.535686 0.436493,-0.269203 0.30648,-1.049739 1.293212,-0.786762 1.293212,0.344657 0,0.789305 0.286208,0.837369 0.732348,0.122983 0.438555,-0.702238 1.015836,-0.671311 1.234679,0.06615 l 0.176659,0.595313 0.242549,-0.595313 c 0.310155,-0.761254 0.427001,-0.748535 0.868741,0.09455 l 0.361458,0.68987 0.344681,-0.832133 c 0.343754,-0.8299 0.795779,-0.961295 1.017611,-0.295799 0.06748,0.202432 -0.0047,0.27577 -0.170633,0.173249 -0.162425,-0.100386 -0.468267,0.171524 -0.702577,0.624628 -0.493421,0.954172 -0.864555,1.019575 -1.175123,0.20709 -0.2242,-0.586534 -0.230351,-0.584581 -0.417034,0.132291 -0.247845,0.951754 -0.576005,0.924401 -0.793567,-0.06615 -0.222194,-1.011647 -0.465802,-1.004752 -0.854178,0.02418 -0.360135,0.954106 -0.768662,0.820751 -1.072018,-0.349935 -0.310195,-1.197086 -0.802058,-1.219914 -0.901126,-0.04182 -0.106629,1.268008 -0.584025,1.425165 -0.941419,0.309915 l -0.278278,-0.868376 -0.02701,0.745434 c -0.02737,0.755269 -0.925352,0.828657 -1.385163,0.113202 -0.09546,-0.148534 -0.277948,-0.06335 -0.424222,0.198028 -0.319921,0.571664 -1.382787,0.116962 -1.409399,-0.602951 -0.01243,-0.336505 -0.07858,-0.299924 -0.256056,0.1416 -0.340577,0.847307 -0.877279,0.736391 -1.280258,-0.264584 l -0.34618,-0.859896 -0.440825,1.5875 c -0.477081,1.718054 -1.165022,2.167737 -1.315503,0.859896 -0.09667,-0.840152 -0.468869,-0.958276 -0.702273,-0.222879 -0.213839,0.673745 -0.82036,0.876807 -1.211435,0.40559 -0.173979,-0.209637 -0.470419,-0.381154 -0.658754,-0.381154 -0.188336,0 -0.462016,-0.327421 -0.608174,-0.727604 -0.167423,-0.458406 -0.273471,-0.556297 -0.286631,-0.264583 -0.01445,0.320204 -0.23889,0.463021 -0.72766,0.463021 -0.388723,0 -0.924504,0.197046 -1.190625,0.437883 -0.420566,0.380605 -0.483854,0.384844 -0.483854,0.03239 0,-0.223017 -0.157615,-0.536292 -0.350253,-0.696169 -0.430263,-0.357087 -0.972664,0.09348 -0.972664,0.807974 0,0.670261 -0.50156,0.593085 -0.773774,-0.119062 -0.2242,-0.586534 -0.230351,-0.584581 -0.417033,0.132291 -0.104212,0.400183 -0.272646,0.727604 -0.374301,0.727604 -0.101653,0 -0.314204,-0.327421 -0.472337,-0.727604 l -0.287512,-0.727604 -0.02815,0.859896 c -0.03569,1.090229 -0.518578,1.119722 -0.73356,0.0448 -0.188658,-0.943284 -0.606779,-0.553037 -0.613452,0.572556 -0.0075,1.273522 -0.399388,1.089417 -0.701963,-0.329816 l -0.301038,-1.412023 -0.02969,1.653646 c -0.02746,1.529241 -0.200348,1.92396 -0.647052,1.477256 z m 26.811111,-3.412879 c 0,-0.720252 0.596463,-1.129041 1.446178,-0.991153 0.801089,0.13 0.95604,0.06139 1.23272,-0.545862 0.552207,-1.211961 0.917851,-0.959782 0.470218,0.324302 -0.266475,0.764413 -0.386662,0.833231 -1.455209,0.833231 -0.640606,0 -1.164741,0.119063 -1.164741,0.264584 0,0.145521 -0.119062,0.264583 -0.264583,0.264583 -0.145521,0 -0.264583,-0.06736 -0.264583,-0.149685 z m 52.838609,-4.745106 c -0.10109,-1.455209 -0.19809,-3.360209 -0.21558,-4.233334 -0.0442,-2.206928 -0.46229,-0.28672 -0.48486,2.22691 -0.0247,2.752596 -0.38877,1.579555 -0.71808,-2.313825 -0.16828,-1.989488 -0.39152,-4.0042041 -0.4961,-4.4771471 -0.15375,-0.695366 -0.10787,-0.859896 0.23981,-0.859896 0.33597,0 0.43084,0.274726 0.434,1.256771 0.003,0.908969 0.075,1.146938 0.26054,0.859896 0.14106,-0.218282 0.2583,-1.081485 0.26053,-1.918229 0.004,-1.463302 0.30133,-1.978095 0.6372,-1.10284 0.0883,0.230183 0.1821,2.462605 0.20837,4.9609371 l 0.0478,4.542423 0.18098,-4.233333 c 0.0995,-2.3283331 0.19711,-4.5607551 0.21681,-4.9609371 0.11395,-2.313744 0.5685,-0.280037 0.59138,2.645833 0.027,3.4539491 0.42518,3.7027251 0.47642,0.297656 0.0646,-4.296574 0.80127,-4.424454 0.8626,-0.14975 l 0.0425,2.9609481 0.26168,-2.579687 c 0.27021,-2.6637311 0.72855,-3.5429161 0.68967,-1.3229171 -0.0832,4.7508941 -1.00015,9.5616541 -1.05492,5.5346101 -0.0249,-1.831816 -0.46588,-2.91604 -0.49197,-1.209632 -0.0839,5.487113 -0.71328,7.319511 -0.78104,2.27399 -0.0402,-2.991691 -0.55455,-2.845596 -0.57572,0.163522 -0.0267,3.789245 -0.37551,4.754518 -0.59198,1.638031 z M 27.323211,18.018294 c -0.430662,-0.475876 -0.434792,-0.529166 -0.04101,-0.529166 0.240837,0 0.437883,0.119062 0.437883,0.264583 0,0.600515 0.548463,0.201408 0.908989,-0.661458 0.257453,-0.616168 0.56219,-0.926042 0.910694,-0.926042 0.808016,0 1.226285,-0.59456 1.60764,-2.28521 0.371059,-1.645006 0.747699,-1.46947 0.787413,0.366981 0.02519,1.164679 0.547764,1.101575 0.547764,-0.06615 0,-0.509323 0.119063,-0.926042 0.264583,-0.926042 0.145521,0 0.264584,0.231098 0.264584,0.513552 0,1.17627 0.482825,0.692274 0.65083,-0.652411 0.219985,-1.760703 0.530444,-1.684191 0.807744,0.199067 l 0.205406,1.395001 0.218784,-1.161017 c 0.243824,-1.293899 0.499917,-1.685591 0.711309,-1.087942 0.08322,0.235274 0.310869,-0.134007 0.559088,-0.906915 0.481193,-1.498336 1.070444,-1.9106191 1.09877,-0.768779 0.04034,1.626256 0.419862,1.845572 0.61736,0.356758 0.193844,-1.4612861 0.641366,-1.4637961 0.70992,-0.004 0.03386,0.721038 0.260389,0.122051 0.639863,-1.6919161 0.392181,-1.8747 0.549187,-0.04342 0.185639,2.1652311 -0.404833,2.459464 -0.725585,2.853168 -0.90773,1.114185 -0.106537,-1.017128 -0.09668,-1.036372 -0.643355,1.256771 -0.143619,0.602436 -0.241313,0.391795 -0.567899,-1.224456 -0.378653,-1.873929 -1.045986,-2.053166 -1.105406,-0.296897 -0.02503,0.739592 -0.500086,1.244039 -0.772818,0.820617 -0.159375,-0.247432 -0.301149,0.300388 -0.427961,1.653646 -0.234064,2.497827 -0.517491,2.577675 -0.843791,0.237716 l -0.249042,-1.785937 -0.212947,1.653646 c -0.208307,1.617596 -0.673764,2.303033 -0.673764,0.992187 0,-0.363802 -0.119063,-0.661458 -0.264584,-0.661458 -0.14552,0 -0.264583,0.595312 -0.264583,1.322917 0,1.368191 -0.347305,1.771231 -0.626986,0.727604 -0.08775,-0.327422 -0.164951,-1.012032 -0.171566,-1.521354 -0.01135,-0.874767 -0.03304,-0.896742 -0.391464,-0.396875 -0.738323,1.029673 -0.954416,1.190625 -1.598541,1.190625 -0.466601,0 -0.651026,0.144551 -0.651026,0.510267 0,1.135459 -1.000014,1.607993 -1.719792,0.812649 z m 18.564932,0.08819 c -0.09701,-0.09701 -0.17639,-1.094163 -0.17639,-2.215886 0,-2.438699 -0.239575,-3.897127 -0.556061,-3.385043 -0.169707,0.274594 -0.300564,0.23622 -0.602483,-0.17668 -0.522989,-0.715229 -0.672386,-0.484989 -1.010912,1.557952 -0.15951,0.962617 -0.378976,1.750212 -0.487699,1.750212 -0.192196,0 -0.287507,-0.481835 -0.667305,-3.373437 -0.26556,-2.021821 0.308155,-1.777705 0.621813,0.264583 l 0.253968,1.653646 0.03372,-1.521354 c 0.03599,-1.6242 0.377544,-1.933475 1.212816,-1.098204 0.32476,0.324761 0.50819,0.352573 0.788887,0.119615 0.303548,-0.251923 0.401304,0.04728 0.574915,1.759663 l 0.20918,2.063197 0.277603,-1.942437 c 0.273688,-1.915036 0.656818,-2.316059 0.693076,-0.725445 0.03782,1.659166 0.414425,1.931286 0.592455,0.428086 0.204738,-1.728677 3.622281,-3.3557041 3.622281,-1.724499 0,0.215831 0.119063,0.39242 0.264584,0.39242 0.145521,0 0.264583,-0.178594 0.264583,-0.396875 0,-0.516314 0.498994,-0.506196 1.082588,0.02195 0.426085,0.385602 0.488754,0.370329 0.78999,-0.192536 0.421328,-0.787259 0.726017,-0.163866 0.754658,1.544033 0.01024,0.609876 0.13766,1.182449 0.283181,1.272386 0.326631,0.20187 0.355092,3.836458 0.03004,3.836458 -0.248254,0 -0.422122,-1.00175 -0.734754,-4.233333 -0.105584,-1.091406 -0.237074,-1.776016 -0.292198,-1.521354 -0.13127,0.60645 -0.274653,0.584352 -0.858356,-0.132292 l -0.484878,-0.595312 -0.278587,0.727604 c -0.338151,0.883173 -0.500068,0.910102 -0.795412,0.132291 -0.203068,-0.534797 -0.374325,-0.586267 -1.684737,-0.506332 -1.665624,0.101603 -1.776897,0.300284 -1.783898,3.185239 -0.0042,1.735126 -0.223588,2.73324 -0.555635,2.528023 -0.128977,-0.07971 -0.234503,-0.49509 -0.234503,-0.923064 0,-0.427975 -0.119063,-0.778135 -0.264583,-0.778135 -0.145521,0 -0.264584,0.535781 -0.264584,1.190625 0,1.111088 -0.19695,1.434647 -0.61736,1.014236 z M 73.51829,17.916471 c -0.167248,-0.201523 -0.390186,-1.183789 -0.495416,-2.182812 l -0.191328,-1.816406 -0.132292,1.789961 c -0.170032,2.300591 -0.601776,2.396603 -0.874234,0.194414 -0.403566,-3.261912 -0.602332,-3.543347 -0.824841,-1.167902 -0.285729,3.050378 -0.564142,3.201879 -0.945605,0.514566 -0.391131,-2.755403 -0.764355,-2.671396 -0.983128,0.221287 -0.23382,3.091634 -0.746406,2.470573 -0.953638,-1.155451 l -0.08317,-1.455209 -0.05255,1.719792 c -0.115062,3.765127 -1.179899,4.272603 -1.526731,0.727604 l -0.213561,-2.182812 -0.237265,2.182103 c -0.259778,2.389132 -0.471022,2.542711 -1.005872,0.731291 -0.43966,-1.489045 -0.711668,-1.518904 -0.817001,-0.08969 -0.174554,2.368436 -0.660122,1.309945 -0.826929,-1.802628 -0.195432,-3.646727 -0.557056,-4.3776021 -0.806514,-1.630045 -0.414144,4.561407 -0.848569,5.673404 -0.961458,2.461049 -0.07271,-2.068987 -0.439682,-2.229973 -0.648804,-0.284622 -0.375753,3.495446 -1.183174,3.723819 -1.240152,0.350768 l -0.03687,-2.182813 -0.254196,2.182813 c -0.332031,2.851211 -0.610749,2.763294 -0.838798,-0.264584 -0.295773,-3.927087 -0.684131,-3.557636 -1.112488,1.058334 -0.238467,2.569684 -0.538327,2.419636 -0.793129,-0.396875 L 56.452879,13.1235 56.158342,15.50475 c -0.304938,2.465356 -0.514551,2.536388 -0.780767,0.264583 -0.08526,-0.727604 -0.219758,-1.858698 -0.298879,-2.513542 -0.07912,-0.654843 -0.03049,-1.488281 0.108067,-1.852083 0.219509,-0.576355 0.274841,-0.45721 0.430067,0.926042 0.09798,0.873125 0.208357,1.825625 0.245276,2.116666 0.03692,0.291042 0.163436,-0.393567 0.281144,-1.521354 0.276273,-2.647047 0.558922,-2.601754 0.825556,0.132292 l 0.212878,2.182812 0.284308,-1.908299 c 0.386662,-2.595315 0.844862,-3.006899 1.075502,-0.966087 0.250606,2.217476 0.306404,2.270844 0.515581,0.493136 0.303151,-2.576348 0.475639,-2.532639 0.814406,0.206376 0.176024,1.423194 0.378058,2.64564 0.448963,2.716547 0.169773,0.169771 0.737148,-3.290179 0.737148,-4.495243 0,-1.3125691 0.466026,-1.179482 0.641712,0.183258 0.298604,2.316204 0.345546,2.405 0.384641,0.727604 0.07825,-3.3574651 1.000361,-3.1572271 1.500468,0.32583 0.23998,1.671375 0.328541,1.937927 0.37523,1.129378 0.165758,-2.870534 0.52401,-2.757424 1.075846,0.339674 0.431273,2.420455 0.738417,2.158069 0.839004,-0.716736 0.09715,-2.776685 0.737981,-3.4415491 0.741648,-0.769465 0.0057,4.179816 0.584655,5.634433 0.906169,2.276878 0.101336,-1.058255 0.258437,-2.221757 0.349115,-2.585559 L 68.03629,11.536 l 0.188444,0.661458 c 0.103645,0.363802 0.200313,1.048411 0.214818,1.521354 0.03706,1.208536 0.407426,1.069479 0.703162,-0.264012 0.454308,-2.048519 1.167778,-1.671547 1.214096,0.641487 l 0.0388,1.937629 0.176202,-1.912746 c 0.269327,-2.923653 0.638683,-2.964869 1.347184,-0.150333 l 0.443707,1.762623 0.189336,-1.768001 c 0.272375,-2.543399 0.5554,-2.188014 0.962485,1.208561 l 0.356748,2.976563 0.195961,-2.116667 c 0.381564,-4.121435 1.013275,-5.431303 1.013275,-2.101051 0,1.089563 -0.09847,1.67455 -0.264583,1.571885 -0.155803,-0.09629 -0.266068,0.196436 -0.268195,0.711989 -0.0074,1.787867 -0.40771,2.448864 -1.029436,1.699729 z m 101.1255,-5.255989 -0.25472,-5.0932291 -0.0449,4.6963541 c -0.0786,8.217947 -0.72094,5.891234 -0.97007,-3.5137121 -0.0866,-3.269828 -0.21377,-6.298609 -0.28257,-6.730624 -0.0831,-0.521608 -0.0366,-0.696944 0.13845,-0.521929 0.14496,0.144955 0.35321,2.165297 0.46279,4.489649 0.21447,4.5490701 0.51627,3.827862 0.57778,-1.380686 0.0515,-4.36372105 0.48843,-2.841561 0.71818,2.502148 l 0.22449,5.2213001 0.17206,-2.7781251 c 0.0946,-1.527969 0.18665,-3.423047 0.20448,-4.211285 0.0435,-1.920353 0.25388,-1.593477 0.60189,0.934943 0.44161,3.208449 0.56309,5.6575921 0.28061,5.6575921 -0.28269,0 -0.55634,-1.387478 -0.6262,-3.1750001 -0.0628,-1.607074 -0.41849,3.4853791 -0.45738,6.5484371 -0.0533,4.194659 -0.47826,2.685045 -0.74488,-2.645833 z m -28.42624,3.704166 c -0.0197,-0.472942 -0.11793,-2.288645 -0.21822,-4.034895 l -0.18234,-3.1750001 -0.0464,2.4473951 c -0.0733,3.870131 -0.82847,3.525964 -0.87081,-0.396875 -0.0353,-3.2767591 -0.13128,-3.1290231 -0.37984,0.584989 -0.19015,2.841219 -0.86272,3.139896 -0.95202,0.422775 -0.0266,-0.809816 -0.0708,-0.945357 -0.13436,-0.412451 -0.29837,2.500693 -0.41166,3.042708 -0.63596,3.042708 -0.13661,0 -0.26207,-0.863203 -0.2788,-1.918229 -0.0331,-2.084336 -0.44963,-1.03951 -0.48349,1.212674 -0.0244,1.624851 -0.65256,1.042404 -0.83067,-0.770251 -0.0847,-0.861796 -0.17528,-1.209715 -0.20135,-0.773152 -0.0918,1.538414 -0.37838,2.778125 -0.6421,2.778125 -0.25072,0 -0.19757,-0.95271 0.22881,-4.101042 0.24819,-1.8325311 0.45075,-1.9025761 0.76517,-0.264583 l 0.30472,1.5875 0.20281,-2.052093 c 0.20634,-2.0878791 0.68653,-2.5956971 0.68653,-0.7260321 0,1.5305151 0.52391,1.6076201 0.55554,0.08176 0.0469,-2.261086 0.39349,-2.832942 0.61086,-1.007803 0.29712,2.4946731 0.31805,2.5049361 0.53943,0.264584 0.30913,-3.12838 0.59559,-3.260481 0.83876,-0.3868 l 0.21184,2.5034661 0.24499,-1.9843751 c 0.33609,-2.722267 0.59336,-1.882506 0.94352,3.0797481 0.15546,2.203184 0.35622,4.197481 0.44612,4.431771 0.10848,0.28268 0.0204,0.425981 -0.26171,0.425981 -0.29595,0 -0.43609,-0.261371 -0.46106,-0.859896 z m 10.35462,-0.101786 c 0,-0.877787 0.36552,-3.48474 0.71839,-5.123734 l 0.14241,-0.661459 0.32717,0.768514 0.32718,0.768514 0.18781,-1.252419 c 0.14476,-0.9653141 0.27932,-1.2173051 0.58699,-1.0992431 0.21954,0.08425 0.49976,0.153176 0.62271,0.153176 0.12295,0 0.27918,0.2083591 0.34719,0.4630211 0.10471,0.392129 0.15292,0.371874 0.31484,-0.132292 0.10516,-0.3274221 0.29411,-0.5953121 0.41988,-0.5953121 0.12578,0 0.28585,0.26789 0.35572,0.5953121 0.0699,0.327422 0.17738,0.833438 0.23893,1.124479 0.0615,0.291042 0.12571,0.01323 0.14259,-0.617361 0.0371,-1.3849831 0.61838,-1.4010731 0.83331,-0.02307 0.20461,1.311844 0.5203,-2.4977041 0.5203,-6.2786591 0,-1.82547 0.10374,-3.002788 0.26458,-3.002788 0.32137,0 0.29404,-0.251766 0.51685,4.762499 l 0.18224,4.1010421 0.0509,-3.8364581 c 0.0799,-6.01852205 0.62699,-6.96510405 1.03216,-1.785938 l 0.25356,3.241146 0.0405,-3.241146 c 0.0659,-5.27965705 0.79254,-4.63943705 0.90089,0.79375 l 0.0805,4.034896 0.0587,-4.034896 c 0.0912,-6.26885205 1.05182,-5.89619705 1.19353,0.463021 l 0.0737,3.307292 0.0572,-3.902604 c 0.077,-5.25023905 0.81572,-5.89756005 0.90587,-0.79375 0.0546,3.089134 0.0554,3.09291 0.132,0.595312 0.0914,-2.981316 1.10801,-5.98937105 1.14006,-3.373437 0.003,0.224615 0.095,0.203393 0.28753,-0.06615 0.2223,-0.311219 0.25076,-0.254114 0.13186,0.264583 -0.0834,0.363802 -0.15863,0.840052 -0.16718,1.058333 -0.009,0.218282 -0.17106,0.03969 -0.36114,-0.396875 -0.31043,-0.712992 -0.36642,-0.349581 -0.55031,3.571875 -0.26769,5.7086051 -0.53571,6.3119231 -0.82089,1.847908 l -0.22793,-3.567699 -0.17391,2.778125 c -0.0956,1.527968 -0.20036,3.4925001 -0.2327,4.3656251 -0.0875,2.363832 -0.46942,0.853602 -0.53522,-2.1166671 -0.0732,-3.303833 -0.46243,-4.388127 -0.5224,-1.455208 -0.11343,5.5472151 -0.68028,4.5643611 -0.83927,-1.455209 l -0.0419,-1.5875 -0.19332,1.719792 c -0.10632,0.945885 -0.20723,2.642526 -0.22424,3.7703131 -0.0395,2.619534 -0.55181,2.73573 -0.58327,0.132291 -0.0127,-1.0550261 -0.1159,-2.5135411 -0.22923,-3.2411461 l -0.20605,-1.322916 -0.0353,1.481434 c -0.13071,5.4774091 -0.69987,6.4426501 -0.84261,1.428982 -0.0725,-2.546175 -0.45209,-0.54644 -0.52735,2.7781251 -0.0774,3.41895 -0.36939,4.311017 -0.62815,1.919153 -0.18322,-1.693519 -0.68308,-2.494209 -0.68308,-1.094173 0,0.906752 -0.47365,0.286614 -0.67036,-0.877677 l -0.18724,-1.108257 -0.32054,0.778915 -0.32055,0.778914 -0.33995,-1.023843 c -0.40435,-1.2177811 -0.68836,-0.934308 -0.94684,0.945044 -0.17814,1.295266 -0.6357,1.75098 -0.67684,0.674112 -0.0399,-1.045131 -0.42461,0.579983 -0.63633,2.688203 -0.19581,1.949799 -0.66385,2.594326 -0.66385,0.914177 z m -22.34019,-0.423276 c -0.11453,-0.688966 -0.1309,-1.700997 -0.0364,-2.248958 0.0945,-0.547961 0.23438,-1.472542 0.31078,-2.054625 0.3173,-2.4174591 0.87556,-1.09613 0.83839,1.984375 l -0.0144,1.190625 -0.18949,-1.058334 -0.18949,-1.058333 -0.0572,1.058333 c -0.0314,0.582084 -0.14646,1.594115 -0.2556,2.248959 l -0.19845,1.190625 z m 1.2976,-0.864 c 0.3086,-3.957233 0.92866,-5.8368031 0.93831,-2.844271 0.002,0.691224 0.11947,1.435365 0.26053,1.653646 0.1928,0.298341 0.2585,0.166963 0.26459,-0.529167 0.0117,-1.344099 0.41152,-1.844998 0.62411,-0.782018 0.26731,1.336529 0.21645,2.322211 -0.0949,1.840352 -0.19405,-0.300274 -0.26388,-0.171472 -0.2869,0.529166 -0.0672,2.046201 -0.4215,2.340252 -0.6432,0.533862 -0.21312,-1.736561 -0.59181,-1.661398 -0.64285,0.127597 -0.0125,0.436562 -0.14911,0.972343 -0.30368,1.190625 -0.20279,0.286386 -0.23507,-0.192395 -0.11596,-1.719792 z m 3.49256,0.556402 c -0.25974,-1.894976 -0.23307,-2.507713 0.0875,-2.01161 0.19405,0.300273 0.26389,0.171472 0.28691,-0.529167 0.0167,-0.509323 0.11661,-1.223698 0.22195,-1.5875 l 0.19153,-0.661458 0.2035,0.616405 c 0.18451,0.558886 -0.15214,3.141473 -0.62642,4.805571 -0.15865,0.55666 -0.21555,0.458091 -0.365,-0.632241 z m -16.57717,-0.75484 c 0.002,-1.005003 0.0918,-1.515143 0.22788,-1.300547 0.14348,0.22634 0.29129,-0.243188 0.41175,-1.307912 0.19996,-1.767455 0.65031,-1.748778 0.69378,0.02877 0.029,1.1834 0.46727,0.32575 0.49603,-0.970548 0.0232,-1.045907 0.26877,-1.7154231 0.56258,-1.5338371 0.12317,0.07612 0.36767,-0.341278 0.54332,-0.927561 0.39814,-1.328854 0.65111,-1.349652 0.89748,-0.07378 0.18123,0.938588 0.20457,0.957953 0.432,0.358462 0.3348,-0.882518 0.4902,-0.602332 0.26814,0.483445 -0.23504,1.1492061 -0.64593,1.2919641 -1.01662,0.353214 l -0.2891,-0.7321 -0.0281,0.745434 c -0.0234,0.6201251 -0.1171,0.7172011 -0.55731,0.5774821 -0.48855,-0.155057 -0.52917,-0.04754 -0.52917,1.400451 0,2.049882 -0.27721,4.023508 -0.56513,4.023508 -0.12574,0 -0.23044,-0.625079 -0.23267,-1.389063 -0.003,-0.994423 -0.0769,-1.276308 -0.26053,-0.992187 -0.14107,0.218281 -0.25831,0.77409 -0.26054,1.235131 -0.005,0.993188 -0.23342,1.675285 -0.56152,1.675285 -0.12995,0 -0.23445,-0.74414 -0.23223,-1.653646 z m 15.36193,0.926042 c 0.0444,-1.60441 0.69743,-4.694291 0.89502,-4.235029 0.23863,0.554633 -0.37709,4.962633 -0.69318,4.962633 -0.12209,0 -0.21292,-0.327422 -0.20184,-0.727604 z m -96.031136,0.06615 c -0.08751,-0.629862 -0.573461,-3.775805 -0.700511,-4.534909 -0.08915,-0.532682 -0.326559,-0.879779 -0.661686,-0.967417 -0.287457,-0.07517 -0.522647,-0.260691 -0.522647,-0.4122651 0,-0.188908 0.240231,-0.191845 0.763762,-0.0093 0.765884,0.2669891 1.088321,1.0062911 1.088321,2.4953731 0,0.333485 0.139623,0.652878 0.310274,0.709761 0.231974,0.07733 0.240745,0.466819 0.03476,1.543403 -0.151533,0.791988 -0.292055,1.320916 -0.312272,1.175395 z m 91.159626,-1.703713 c -0.0966,-0.924661 -0.15882,-2.110222 -0.13817,-2.634578 l 0.0375,-0.953376 0.1895,1.058334 0.18949,1.058333 0.0375,-0.959115 c 0.11814,-3.0177361 0.83306,-3.5036361 0.82725,-0.562239 -0.003,1.421605 -0.0827,1.928795 -0.26053,1.653646 -0.18758,-0.29025 -0.26257,-0.077 -0.27913,0.79375 -0.0396,2.084588 -0.40783,2.417229 -0.60349,0.545245 z m 44.47632,-1.338995 c -0.087,-0.218282 -0.23287,-1.11125 -0.32418,-1.984375 -0.43853,-4.1931581 -0.4693,-4.8947921 -0.21463,-4.8947921 0.2631,0 0.5619,1.581178 0.64448,3.410366 0.034,0.7522301 0.081,0.645972 0.22146,-0.499949 l 0.17833,-1.455209 0.017,1.455209 c 0.022,1.8893251 -0.31892,4.4793851 -0.52242,3.9687501 z m 2.36651,-2.469036 c -0.10301,-0.2665631 -0.1873,-0.7655521 -0.1873,-1.1088641 0,-0.343312 -0.11906,-0.697788 -0.26458,-0.787725 -0.33638,-0.207896 -0.34675,-1.637781 -0.0134,-1.843821 0.13817,-0.08539 0.33393,0.294533 0.43504,0.84428 0.1011,0.549748 0.30072,1.075376 0.4436,1.168064 0.16583,0.107576 0.17192,0.538167 0.0169,1.190625 -0.18979,0.7985361 -0.2839,0.9160911 -0.43023,0.5374411 z m -1.45107,-1.8959231 c -0.37809,-1.993141 -0.42781,-3.792586 -0.0947,-3.42702 0.36331,0.398688 0.89069,4.289649 0.64171,4.734546 -0.15458,0.276221 -0.32294,-0.126183 -0.54704,-1.307526 z m -7.59151,-6.295931 c -0.11326,-0.260938 -0.13168,-0.548672 -0.0409,-0.63941 0.26868,-0.268682 0.48526,0.10873 0.3616,0.630112 -0.10963,0.462212 -0.12389,0.462626 -0.32066,0.0093 z m 1.11967,-0.13364 c -0.0828,-0.316457 0.0299,-0.487403 0.33636,-0.510489 0.33131,-0.02496 0.42327,0.108721 0.32728,0.47578 -0.16773,0.641405 -0.50044,0.658806 -0.66364,0.034709 z"
       id="path239" /></g></svg>
